c ids of sdd nodes start at 0
c sdd nodes appear bottom-up, children before parents
c
c file syntax:
c sdd count-of-sdd-nodes
c F id-of-false-sdd-node
c T id-of-true-sdd-node
c L id-of-literal-sdd-node id-of-vtree literal
c D id-of-decomposition-sdd-node id-of-vtree number-of-elements {id-of-prime id-of-sub}*
c
sdd 92
L 3 0 -1
L 4 2 -2
L 5 0 1
F 6
D 2 1 2 3 4 5 6
L 8 4 3
L 10 6 4
L 11 8 5
L 12 6 -4
D 9 7 2 10 11 12 6
L 13 4 -3
D 7 5 2 8 9 13 6
L 15 2 2
T 16
D 14 1 2 3 15 5 16
D 1 3 2 2 7 14 6
L 19 10 -6
L 20 12 7
L 21 10 6
D 18 11 2 19 20 21 6
L 23 14 -8
L 25 16 9
L 26 18 -10
L 27 16 -9
D 24 17 2 25 26 27 6
L 28 14 8
D 22 15 2 23 24 28 25
D 29 11 2 21 20 19 6
D 30 15 2 28 25 23 6
L 31 12 -7
D 17 13 3 18 22 29 30 31 6
L 35 8 -5
D 34 7 2 10 35 12 6
D 33 5 2 13 34 8 6
D 32 3 2 2 33 14 6
D 37 15 2 23 26 28 16
D 36 13 3 29 37 18 28 31 6
D 39 1 2 3 15 5 6
D 40 1 2 3 4 5 16
D 38 3 2 39 33 40 6
D 42 15 2 23 26 28 6
D 43 11 2 21 31 19 16
D 41 13 2 29 42 43 6
D 45 5 2 13 9 8 6
D 44 3 2 2 45 14 6
D 46 13 2 20 22 31 6
D 48 5 2 8 34 13 6
D 47 3 2 2 48 14 6
D 49 13 2 20 28 31 6
D 51 1 2 5 4 3 6
D 52 1 2 5 15 3 16
D 50 3 2 51 45 52 6
D 54 11 2 19 31 21 16
D 53 13 2 18 25 54 6
D 57 7 2 12 11 10 6
D 56 5 2 8 57 13 6
D 55 3 2 5 56 3 6
D 59 15 2 28 26 23 6
D 60 11 2 21 31 19 6
D 62 17 2 27 26 25 6
D 61 15 2 28 62 23 6
D 63 11 2 19 31 21 6
D 58 13 4 29 59 60 61 63 27 18 16
D 66 7 2 12 35 10 6
D 65 5 2 13 66 8 6
D 64 3 2 3 65 5 6
D 67 13 2 21 26 19 28
D 68 5 2 8 66 13 6
D 69 13 2 21 59 19 28
D 70 3 2 51 7 52 6
D 71 13 3 29 30 18 25 31 6
D 73 1 2 5 15 3 6
D 74 1 2 5 4 3 16
D 72 3 2 73 9 74 6
D 76 15 2 23 25 28 6
D 75 13 2 18 76 54 6
D 77 3 2 39 7 40 6
D 79 15 2 23 24 28 6
D 78 13 2 18 79 54 6
D 80 3 2 39 45 40 6
D 81 13 2 20 79 31 6
D 83 5 2 13 57 8 6
D 82 3 2 5 83 3 6
D 84 13 3 63 27 18 16 21 6
D 86 5 2 13 35 8 6
D 85 3 3 73 65 51 86 3 6
D 87 13 2 19 28 21 6
D 88 3 2 51 48 52 6
D 91 7 2 10 35 12 11
D 90 5 2 8 91 13 57
D 89 3 4 39 90 73 34 2 57 51 6
D 0 9 17 1 17 32 36 38 41 44 46 47 49 50 53 55 58 64 67 68 69 70 71 72 75 77 78 80 81 82 84 85 87 88 28 89 6
