c ids of sdd nodes start at 0
c sdd nodes appear bottom-up, children before parents
c
c file syntax:
c sdd count-of-sdd-nodes
c F id-of-false-sdd-node
c T id-of-true-sdd-node
c L id-of-literal-sdd-node id-of-vtree literal
c D id-of-decomposition-sdd-node id-of-vtree number-of-elements {id-of-prime id-of-sub}*
c
sdd 328
L 1 0 -1
L 3 2 2
L 5 4 -3
L 7 6 4
L 9 8 5
L 11 10 6
L 13 12 -7
L 15 20 -11
L 17 26 -14
L 19 28 -15
L 21 30 -16
L 22 32 17
L 23 30 16
F 24
D 20 31 2 21 22 23 24
L 25 28 15
L 28 34 -18
L 29 32 -17
D 27 33 2 22 28 29 24
D 26 31 2 21 27 23 24
D 18 29 2 19 20 25 26
L 30 26 14
L 34 36 19
L 35 34 18
D 33 35 2 28 34 35 24
D 32 33 2 22 33 29 24
D 31 31 2 21 32 23 24
D 16 27 2 17 18 30 31
L 36 20 11
D 38 29 2 25 27 19 22
D 37 27 2 17 38 30 32
D 14 21 2 15 16 36 37
L 39 12 7
D 41 27 2 17 18 30 26
D 42 27 2 17 38 30 27
D 40 21 2 15 41 36 42
D 12 13 2 13 14 39 40
L 43 10 -6
L 47 22 -12
L 49 24 -13
D 52 31 2 21 34 23 24
D 53 31 2 21 33 23 24
D 51 29 2 19 52 25 53
D 50 27 2 30 51 17 24
L 54 24 13
D 48 25 2 49 50 54 24
L 55 22 12
D 58 31 2 21 28 23 24
D 57 29 2 25 58 19 21
D 56 27 2 30 51 17 57
D 46 23 2 47 48 55 56
D 62 29 2 25 33 19 34
D 61 27 2 30 62 17 24
D 60 25 2 49 61 54 24
T 65
D 64 29 2 25 28 19 65
D 63 27 2 30 62 17 64
D 59 23 2 47 60 55 63
D 45 21 2 15 46 36 59
D 69 27 2 30 57 17 24
D 68 25 2 49 69 54 24
D 67 23 2 47 68 55 57
D 72 27 2 30 64 17 24
D 71 25 2 49 72 54 24
D 70 23 2 47 71 55 64
D 66 21 2 15 67 36 70
D 44 13 2 13 45 39 66
D 10 11 2 11 12 43 44
L 73 8 -5
D 77 27 2 17 20 30 26
D 78 27 2 30 27 17 22
D 76 21 2 15 77 36 78
D 75 13 2 39 76 13 24
D 83 27 2 30 21 17 24
D 82 25 2 49 83 54 24
D 81 23 2 47 82 55 21
D 85 25 2 49 30 54 24
D 84 23 2 47 85 55 65
D 80 21 2 15 81 36 84
D 79 13 2 39 80 13 24
D 74 11 2 11 75 43 79
D 8 9 2 9 10 73 74
L 86 6 -4
D 91 27 2 30 53 17 57
D 92 27 2 17 64 30 33
D 90 21 2 15 91 36 92
D 94 27 2 17 57 30 58
D 95 27 2 17 64 30 28
D 93 21 2 15 94 36 95
D 89 13 2 13 90 39 93
D 88 11 2 11 89 43 44
D 99 27 2 30 58 17 21
D 100 27 2 30 28 17 65
D 98 21 2 15 99 36 100
D 97 13 2 39 98 13 24
D 96 11 2 43 79 11 97
D 87 9 2 9 88 73 96
D 6 7 2 7 8 86 87
L 101 4 3
D 105 13 2 13 37 39 42
D 106 13 2 13 59 39 70
D 104 11 2 11 105 43 106
D 108 13 2 39 78 13 24
D 109 13 2 39 84 13 24
D 107 11 2 11 108 43 109
D 103 9 2 9 104 73 107
D 112 13 2 13 92 39 95
D 111 11 2 11 112 43 106
D 114 13 2 39 100 13 24
D 113 11 2 11 114 43 109
D 110 9 2 9 111 73 113
D 102 7 2 7 103 86 110
D 4 5 2 5 6 101 102
L 115 2 -2
L 122 18 10
L 123 18 -10
D 125 27 2 17 26 30 31
D 126 27 2 30 32 17 27
D 124 21 2 15 125 36 126
D 121 19 2 122 14 123 124
D 128 21 2 15 26 36 27
D 127 19 2 122 40 123 128
D 120 13 2 13 121 39 127
D 134 27 2 30 53 17 24
D 133 25 2 49 134 54 24
D 135 27 2 30 53 17 58
D 132 23 2 47 133 55 135
D 138 27 2 30 33 17 24
D 137 25 2 49 138 54 24
D 139 27 2 30 33 17 28
D 136 23 2 47 137 55 139
D 131 21 2 15 132 36 136
D 130 19 2 122 45 123 131
D 144 27 2 30 58 17 24
D 143 25 2 49 144 54 24
D 142 23 2 47 143 55 58
D 147 27 2 30 28 17 24
D 146 25 2 49 147 54 24
D 145 23 2 47 146 55 28
D 141 21 2 15 142 36 145
D 140 19 2 122 66 123 141
D 129 13 2 13 130 39 140
D 119 11 2 11 120 43 129
D 152 27 2 17 20 30 31
D 153 27 2 30 32 17 22
D 151 21 2 15 152 36 153
D 150 19 2 123 124 122 151
D 154 19 2 123 128 122 76
D 149 13 2 13 150 39 154
D 160 27 2 30 52 17 24
D 159 25 2 49 160 54 24
D 161 27 2 30 52 17 21
D 158 23 2 47 159 55 161
D 164 27 2 30 34 17 24
D 163 25 2 49 164 54 24
D 165 27 2 30 34 17 65
D 162 23 2 47 163 55 165
D 157 21 2 15 158 36 162
D 156 19 2 122 157 123 131
D 166 19 2 122 80 123 141
D 155 13 2 13 156 39 166
D 148 11 2 11 149 43 155
D 118 9 2 9 119 73 148
D 171 21 2 15 135 36 139
D 170 19 2 122 90 123 171
D 173 21 2 15 58 36 28
D 172 19 2 122 93 123 173
D 169 13 2 13 170 39 172
D 168 11 2 43 129 11 169
D 178 27 2 30 53 17 21
D 179 27 2 30 33 17 65
D 177 21 2 15 178 36 179
D 176 19 2 123 171 122 177
D 180 19 2 123 173 122 98
D 175 13 2 13 176 39 180
D 174 11 2 43 155 11 175
D 167 9 2 9 168 73 174
D 117 7 2 7 118 86 167
D 185 19 2 122 153 123 126
D 186 19 2 122 78 123 27
D 184 13 2 13 185 39 186
D 188 19 2 122 162 123 136
D 189 19 2 123 145 122 84
D 187 13 2 13 188 39 189
D 183 11 2 11 184 43 187
D 192 19 2 123 126 122 37
D 193 19 2 122 42 123 27
D 191 13 2 13 192 39 193
D 195 19 2 122 59 123 136
D 196 19 2 122 70 123 145
D 194 13 2 13 195 39 196
D 190 11 2 11 191 43 194
D 182 9 2 73 183 9 190
D 200 19 2 122 179 123 139
D 201 19 2 122 100 123 28
D 199 13 2 13 200 39 201
D 198 11 2 43 187 11 199
D 204 19 2 123 139 122 92
D 205 19 2 122 95 123 28
D 203 13 2 13 204 39 205
D 202 11 2 43 194 11 203
D 197 9 2 73 198 9 202
D 181 7 2 7 182 86 197
D 116 5 2 5 117 101 181
D 2 3 2 3 4 115 116
L 206 0 1
L 219 38 20
D 218 35 2 28 219 35 24
D 217 33 2 22 218 29 24
D 216 31 2 21 217 23 24
D 221 33 2 22 219 29 24
D 220 31 2 21 221 23 24
D 215 29 2 25 216 19 220
L 226 36 -19
D 225 37 2 34 219 226 24
D 224 35 2 28 225 35 24
D 223 33 2 22 224 29 24
D 222 31 2 21 223 23 24
D 214 27 2 17 215 30 222
D 228 29 2 19 221 25 217
D 227 27 2 30 223 17 228
D 213 21 2 15 214 36 227
D 212 13 2 39 40 13 213
D 234 31 2 21 225 23 24
D 235 31 2 21 224 23 24
D 233 29 2 19 234 25 235
D 237 31 2 21 218 23 24
D 238 31 2 21 219 23 24
D 236 29 2 25 237 19 238
D 232 27 2 30 233 17 236
D 240 27 2 30 233 17 24
D 239 25 2 49 240 54 24
D 231 23 2 55 232 47 239
D 243 29 2 25 224 19 225
D 244 29 2 25 218 19 219
D 242 27 2 30 243 17 244
D 246 27 2 30 243 17 24
D 245 25 2 49 246 54 24
D 241 23 2 55 242 47 245
D 230 21 2 15 231 36 241
D 229 13 2 39 66 13 230
D 211 11 2 11 212 43 229
D 210 9 2 9 211 73 74
D 251 27 2 17 236 30 235
D 252 27 2 17 244 30 224
D 250 21 2 15 251 36 252
D 249 13 2 39 93 13 250
D 248 11 2 11 249 43 229
D 247 9 2 9 248 73 96
D 209 7 2 7 210 86 247
D 256 13 2 39 42 13 227
D 257 13 2 39 70 13 241
D 255 11 2 11 256 43 257
D 254 9 2 9 255 73 107
D 260 13 2 39 95 13 252
D 259 11 2 11 260 43 257
D 258 9 2 9 259 73 113
D 253 7 2 7 254 86 258
D 208 5 2 5 209 101 253
D 268 27 2 17 216 30 222
D 269 27 2 30 223 17 217
D 267 21 2 15 268 36 269
D 266 19 2 122 213 123 267
D 265 13 2 39 127 13 266
D 275 27 2 30 235 17 24
D 274 25 2 49 275 54 24
D 276 27 2 17 237 30 235
D 273 23 2 47 274 55 276
D 279 27 2 30 224 17 24
D 278 25 2 49 279 54 24
D 280 27 2 17 218 30 224
D 277 23 2 47 278 55 280
D 272 21 2 15 273 36 277
D 271 19 2 122 230 123 272
D 270 13 2 39 140 13 271
D 264 11 2 11 265 43 270
D 285 27 2 17 220 30 222
D 286 27 2 30 223 17 221
D 284 21 2 15 285 36 286
D 283 19 2 123 267 122 284
D 282 13 2 39 154 13 283
D 291 27 2 30 234 17 238
D 293 27 2 30 234 17 24
D 292 25 2 49 293 54 24
D 290 23 2 55 291 47 292
D 295 27 2 30 225 17 219
D 297 27 2 30 225 17 24
D 296 25 2 49 297 54 24
D 294 23 2 55 295 47 296
D 289 21 2 15 290 36 294
D 288 19 2 122 289 123 272
D 287 13 2 39 166 13 288
D 281 11 2 11 282 43 287
D 263 9 2 9 264 73 281
D 302 21 2 15 276 36 280
D 301 19 2 122 250 123 302
D 300 13 2 39 172 13 301
D 299 11 2 43 270 11 300
D 307 27 2 17 238 30 235
D 308 27 2 30 224 17 219
D 306 21 2 15 307 36 308
D 305 19 2 123 302 122 306
D 304 13 2 39 180 13 305
D 303 11 2 43 287 11 304
D 298 9 2 9 299 73 303
D 262 7 2 7 263 86 298
D 313 19 2 122 286 123 269
D 312 13 2 39 186 13 313
D 315 19 2 122 294 123 277
D 314 13 2 13 315 39 189
D 311 11 2 11 312 43 314
D 318 19 2 123 269 122 227
D 317 13 2 39 193 13 318
D 320 19 2 122 241 123 277
D 319 13 2 39 196 13 320
D 316 11 2 11 317 43 319
D 310 9 2 73 311 9 316
D 324 19 2 122 308 123 280
D 323 13 2 13 324 39 201
D 322 11 2 43 314 11 323
D 327 19 2 123 280 122 252
D 326 13 2 39 205 13 327
D 325 11 2 43 319 11 326
D 321 9 2 73 322 9 325
D 309 7 2 7 310 86 321
D 261 5 2 5 262 101 309
D 207 3 2 3 208 115 261
D 0 1 2 1 2 206 207
