c ids of sdd nodes start at 0
c sdd nodes appear bottom-up, children before parents
c
c file syntax:
c sdd count-of-sdd-nodes
c F id-of-false-sdd-node
c T id-of-true-sdd-node
c L id-of-literal-sdd-node id-of-vtree literal
c D id-of-decomposition-sdd-node id-of-vtree number-of-elements {id-of-prime id-of-sub}*
c
sdd 118
L 3 0 -1
L 4 2 -2
L 5 0 1
F 6
D 2 1 2 3 4 5 6
L 8 4 3
L 10 6 4
L 11 8 5
L 12 6 -4
D 9 7 2 10 11 12 6
L 13 4 -3
D 7 5 2 8 9 13 6
L 15 2 2
T 16
D 14 1 2 3 15 5 16
D 1 3 2 2 7 14 6
L 19 10 -6
L 20 12 -7
L 21 10 6
D 18 11 2 19 20 21 6
L 23 14 -8
L 24 18 -10
L 25 14 8
D 22 15 2 23 24 25 6
D 26 11 2 21 20 19 6
L 29 16 -9
L 30 16 9
D 28 17 2 29 24 30 6
D 27 15 2 23 28 25 6
L 31 12 7
D 17 13 3 18 22 26 27 31 6
D 34 7 2 12 11 10 6
D 33 5 2 8 34 13 6
D 32 3 2 2 33 14 6
D 36 11 2 21 31 19 6
D 38 17 2 30 24 29 6
D 37 15 2 23 38 25 6
D 39 11 2 19 31 21 6
D 35 13 3 20 22 36 37 39 6
L 43 8 -5
D 42 7 2 10 43 12 6
D 41 5 2 8 42 13 6
D 40 3 2 2 41 14 6
D 44 13 3 18 22 21 27 39 6
D 46 1 2 3 15 5 6
D 47 1 2 3 4 5 16
D 45 3 2 46 41 47 6
L 51 18 10
D 50 17 2 30 51 29 6
D 49 15 2 25 50 23 24
D 48 13 3 18 49 21 27 39 6
D 54 7 2 12 43 10 6
D 53 5 2 8 54 13 6
D 52 3 2 2 53 14 6
D 56 11 2 19 20 21 16
D 55 13 2 56 22 39 6
D 57 3 2 46 53 47 6
D 58 13 2 56 49 39 6
D 60 1 2 5 4 3 6
D 61 1 2 5 15 3 16
D 59 3 2 60 7 61 6
D 63 15 2 25 28 23 24
D 62 13 4 18 63 39 37 26 28 36 6
D 64 3 2 60 33 61 6
D 65 13 2 20 63 31 37
D 66 3 2 60 41 61 6
D 67 13 2 19 63 21 28
D 69 1 2 5 15 3 6
D 70 1 2 5 4 3 16
D 68 3 2 69 41 70 6
D 73 17 2 29 24 30 16
D 72 15 2 25 73 23 24
D 71 13 2 19 72 21 28
D 74 3 2 69 9 70 6
D 75 13 2 39 37 56 6
D 76 3 2 69 34 70 6
D 77 13 2 31 37 20 6
D 79 5 2 13 9 8 6
D 78 3 2 2 79 14 6
D 82 17 2 29 51 30 6
D 81 15 2 25 82 23 29
D 84 17 2 30 24 29 16
D 83 15 2 25 82 23 84
D 80 13 3 26 81 18 83 31 6
D 86 5 2 13 34 8 6
D 85 3 2 2 86 14 6
D 87 13 3 20 83 36 37 39 6
D 89 5 2 13 42 8 6
D 88 3 2 2 89 14 6
D 91 11 2 19 31 21 16
D 90 13 2 18 37 91 6
D 93 5 2 13 54 8 6
D 92 3 2 2 93 14 6
D 94 13 2 56 37 39 6
D 95 3 2 46 89 47 6
D 97 15 2 25 50 23 38
D 96 13 2 18 97 91 6
D 98 3 2 46 93 47 6
D 99 13 2 56 97 39 6
D 100 3 2 60 79 61 6
D 102 15 2 23 84 25 29
D 101 13 4 18 102 39 37 26 29 36 6
D 103 3 2 60 86 61 6
D 104 13 2 20 102 31 37
D 105 3 2 60 89 61 6
D 106 13 2 19 37 21 6
D 107 3 2 69 89 70 6
D 109 15 2 23 38 25 30
D 108 13 2 19 109 21 6
D 110 3 2 69 53 70 6
D 111 3 2 60 53 61 6
D 112 3 2 46 34 47 6
D 114 11 2 21 20 19 16
D 113 13 2 36 37 114 6
D 115 3 2 69 93 70 6
D 116 3 2 60 93 61 6
D 117 3 2 46 9 47 6
D 0 9 28 1 17 32 35 40 44 45 48 52 55 57 58 59 62 64 65 66 67 68 71 74 75 76 77 78 80 85 87 88 90 92 94 95 96 98 99 100 101 103 104 105 106 107 108 110 72 111 63 112 113 115 109 116 37 117 6
