c ids of sdd nodes start at 0
c sdd nodes appear bottom-up, children before parents
c
c file syntax:
c sdd count-of-sdd-nodes
c F id-of-false-sdd-node
c T id-of-true-sdd-node
c L id-of-literal-sdd-node id-of-vtree literal
c D id-of-decomposition-sdd-node id-of-vtree number-of-elements {id-of-prime id-of-sub}*
c
sdd 68
L 3 0 -1
L 4 2 -2
L 5 0 1
F 6
D 2 1 2 3 4 5 6
L 8 4 3
L 10 6 -4
L 11 8 5
L 12 6 4
D 9 7 2 10 11 12 6
L 13 4 -3
D 7 5 2 8 9 13 6
L 15 2 2
T 16
D 14 1 2 3 15 5 16
D 1 3 2 2 7 14 6
L 19 10 6
L 20 12 -7
L 21 10 -6
D 18 11 2 19 20 21 6
L 23 14 8
L 25 16 -9
L 26 18 10
L 27 16 9
D 24 17 2 25 26 27 6
L 28 14 -8
D 22 15 2 23 24 28 6
L 29 12 7
D 30 11 2 21 20 19 6
D 17 13 3 18 22 29 24 30 6
L 34 8 -5
D 33 7 2 10 34 12 6
D 32 5 2 8 33 13 6
D 31 3 2 2 32 14 6
D 36 11 2 21 29 19 6
D 38 17 2 25 26 27 16
D 37 15 2 28 38 23 6
D 39 11 2 19 29 21 6
D 40 15 2 28 24 23 6
D 41 15 2 28 27 23 6
D 35 13 4 36 37 39 40 30 41 18 6
D 42 3 2 5 9 3 6
D 44 15 2 23 25 28 6
D 43 13 3 18 44 29 25 30 6
D 46 1 2 3 15 5 6
D 47 1 2 3 4 5 16
D 45 3 2 46 11 47 6
D 48 13 2 29 24 20 6
D 51 7 2 12 11 10 6
D 50 5 2 8 51 13 6
D 49 3 2 2 50 14 6
D 53 15 2 23 38 28 27
D 52 13 3 18 53 29 24 30 6
D 54 3 2 46 34 47 6
D 55 13 3 36 37 39 40 20 6
D 58 7 2 12 34 10 6
D 57 5 2 8 58 13 6
D 56 3 2 2 57 14 6
D 59 13 3 36 37 39 40 20 41
D 60 3 2 5 58 3 6
D 61 13 3 39 25 36 16 20 6
D 62 3 2 5 33 3 6
D 64 15 2 28 27 23 16
D 63 13 4 30 64 18 44 39 25 36 16
D 65 3 2 5 51 3 6
D 66 13 2 29 25 20 6
D 67 3 2 2 13 14 6
D 0 9 11 1 17 31 35 42 43 45 48 49 52 54 55 56 59 60 61 62 63 65 66 67 6
