c ids of sdd nodes start at 0
c sdd nodes appear bottom-up, children before parents
c
c file syntax:
c sdd count-of-sdd-nodes
c F id-of-false-sdd-node
c T id-of-true-sdd-node
c L id-of-literal-sdd-node id-of-vtree literal
c D id-of-decomposition-sdd-node id-of-vtree number-of-elements {id-of-prime id-of-sub}*
c
sdd 85
L 3 0 1
L 4 2 2
L 5 0 -1
F 6
D 2 1 2 3 4 5 6
L 8 6 -4
L 9 8 5
L 10 6 4
D 7 7 2 8 9 10 6
L 12 2 -2
T 13
D 11 1 2 3 12 5 13
D 1 3 2 2 7 11 6
L 15 10 -6
L 17 14 -8
L 18 16 -9
L 19 14 8
D 16 15 2 17 18 19 6
L 20 10 6
D 14 13 2 15 16 20 6
D 22 1 2 5 4 3 6
L 24 4 3
L 25 4 -3
D 23 5 2 24 7 25 6
D 26 1 2 5 12 3 13
D 21 3 2 22 23 26 6
L 30 18 -10
L 31 16 9
D 29 17 2 18 30 31 6
D 28 15 2 17 29 19 6
D 27 13 2 20 28 15 18
D 33 5 2 25 8 24 6
D 32 3 2 22 33 26 6
D 34 13 2 15 18 20 6
D 37 7 2 10 9 8 6
D 36 5 2 25 37 24 6
D 35 3 2 5 36 3 6
D 38 13 2 15 19 20 6
L 42 8 -5
D 41 7 2 10 42 8 6
D 40 5 2 25 41 24 6
D 39 3 2 5 40 3 6
L 46 18 10
D 45 17 2 31 46 18 6
D 44 15 2 19 45 17 6
D 43 13 2 20 44 15 19
D 48 5 2 25 7 24 6
D 47 3 2 12 48 4 6
D 50 15 2 17 45 19 6
D 49 13 2 20 50 15 13
D 52 1 2 5 12 3 6
D 54 7 2 8 42 10 6
D 53 5 2 25 54 24 6
D 55 1 2 5 4 3 13
D 51 3 2 52 53 55 6
D 56 13 2 20 45 15 13
D 57 3 2 12 23 4 6
D 60 17 2 18 30 31 13
D 59 15 2 17 60 19 6
D 58 13 2 20 59 15 13
D 62 1 2 3 12 5 6
D 63 5 2 24 54 25 6
D 64 1 2 3 4 5 13
D 61 3 2 62 63 64 6
D 65 13 2 20 60 15 6
D 67 5 2 24 41 25 6
D 66 3 2 62 67 64 6
D 69 15 2 17 31 19 6
D 68 13 2 20 69 15 6
D 70 3 2 2 37 11 6
D 71 13 2 15 69 20 6
D 73 5 2 25 42 24 6
D 72 3 2 62 73 64 6
D 74 13 2 20 45 15 6
D 75 3 2 22 63 26 6
D 76 13 2 20 29 15 18
D 77 3 2 62 36 64 6
D 78 13 2 20 50 15 31
D 80 5 2 24 37 25 6
D 79 3 2 62 80 64 6
D 81 3 2 52 63 55 6
D 82 13 2 20 60 15 13
D 84 5 2 24 10 25 6
D 83 3 3 5 84 2 42 62 6
D 0 9 17 1 14 21 27 32 34 35 38 39 43 47 49 51 56 57 58 61 65 66 68 70 71 72 74 75 76 77 78 79 69 81 82 83 6
