c ids of sdd nodes start at 0
c sdd nodes appear bottom-up, children before parents
c
c file syntax:
c sdd count-of-sdd-nodes
c F id-of-false-sdd-node
c T id-of-true-sdd-node
c L id-of-literal-sdd-node id-of-vtree literal
c D id-of-decomposition-sdd-node id-of-vtree number-of-elements {id-of-prime id-of-sub}*
c
sdd 83
L 3 0 -1
L 4 2 -2
L 5 0 1
F 6
D 2 1 2 3 4 5 6
L 8 4 -3
L 10 6 4
L 11 8 -5
L 12 6 -4
D 9 7 2 10 11 12 6
L 13 4 3
D 7 5 2 8 9 13 6
L 15 2 2
T 16
D 14 1 2 3 15 5 16
D 1 3 2 2 7 14 6
L 18 12 -7
L 20 14 -8
L 22 16 9
L 23 18 10
L 24 16 -9
D 21 17 2 22 23 24 6
L 25 14 8
D 19 15 2 20 21 25 6
L 27 10 6
L 28 12 7
L 29 10 -6
D 26 11 2 27 28 29 6
D 30 15 2 20 23 25 6
D 31 11 2 29 28 27 6
D 17 13 3 18 19 26 30 31 6
L 35 8 5
D 34 7 2 10 35 12 6
D 33 5 2 13 34 8 6
D 36 1 2 5 4 3 6
D 32 3 3 2 33 36 34 15 6
D 38 11 2 27 18 29 6
D 39 15 2 25 22 20 6
D 37 13 3 38 39 26 25 29 6
D 41 5 2 13 9 8 6
D 40 3 3 2 41 36 9 15 6
D 43 15 2 20 21 25 22
D 44 15 2 20 23 25 16
D 42 13 3 18 43 26 44 31 6
D 46 1 2 3 15 5 6
D 47 1 2 3 4 5 16
D 45 3 2 46 7 47 6
D 49 11 2 29 18 27 6
D 50 15 2 20 22 25 6
D 48 13 4 49 19 38 50 26 20 31 6
D 52 7 2 12 11 10 6
D 53 1 2 5 15 3 16
D 51 3 2 36 52 53 6
D 54 13 2 27 44 29 6
D 56 1 2 5 15 3 6
D 55 3 3 46 41 56 9 4 6
D 57 13 4 49 43 38 22 26 16 31 6
D 59 5 2 8 34 13 6
D 58 3 2 46 59 47 6
L 62 18 -10
D 61 15 2 20 62 25 6
D 64 17 2 22 62 24 6
D 63 15 2 20 64 25 6
D 60 13 3 26 61 38 63 29 6
D 65 3 3 46 33 56 34 4 6
D 67 15 2 20 64 25 22
D 68 15 2 20 62 25 16
D 66 13 3 38 67 26 68 29 6
D 71 7 2 12 35 10 6
D 70 5 2 13 71 8 6
D 69 3 3 3 70 36 71 56 6
D 72 13 2 27 25 29 6
D 74 1 2 5 4 3 16
D 73 3 2 56 71 74 6
D 75 13 2 27 68 29 6
D 77 5 2 13 52 8 6
D 76 3 2 3 77 5 6
D 78 3 2 56 52 74 6
D 81 7 2 10 35 12 16
D 80 5 2 8 81 13 6
D 82 5 2 8 12 13 6
D 79 3 3 2 80 46 82 5 6
D 0 9 13 1 17 32 37 40 42 45 48 51 54 55 57 58 60 65 66 69 72 73 75 76 25 78 27 79 6
