c ids of sdd nodes start at 0
c sdd nodes appear bottom-up, children before parents
c
c file syntax:
c sdd count-of-sdd-nodes
c F id-of-false-sdd-node
c T id-of-true-sdd-node
c L id-of-literal-sdd-node id-of-vtree literal
c D id-of-decomposition-sdd-node id-of-vtree number-of-elements {id-of-prime id-of-sub}*
c
sdd 147
L 3 0 -1
L 4 4 -3
L 5 0 1
F 6
D 2 1 2 3 4 5 6
L 8 10 -6
L 9 12 -7
L 10 10 6
D 7 11 2 8 9 10 6
L 12 4 3
T 13
D 11 1 2 3 12 5 13
D 1 5 2 2 7 11 6
L 17 14 8
L 18 16 -9
L 19 14 -8
D 16 15 2 17 18 19 6
L 21 18 10
L 22 20 -11
L 23 18 -10
D 20 19 2 21 22 23 6
L 25 16 9
D 24 15 2 17 25 19 13
D 15 17 2 16 20 24 6
L 27 22 -12
L 29 26 14
L 30 28 15
L 31 26 -14
D 28 27 2 29 30 31 6
L 32 22 12
D 26 25 2 27 28 32 6
D 34 19 2 23 22 21 6
D 33 17 2 16 34 24 6
L 36 20 11
D 35 17 2 16 36 24 13
D 14 21 3 15 26 33 28 35 6
L 40 2 2
L 41 2 -2
D 39 3 2 40 12 41 6
D 38 1 2 3 39 5 6
D 43 3 2 40 4 41 13
D 42 1 2 3 43 5 13
D 37 5 2 38 7 42 6
D 46 15 2 19 25 17 6
D 47 15 2 19 18 17 13
D 45 17 2 46 21 47 6
D 49 27 2 29 30 31 13
D 48 25 2 27 49 32 6
D 50 17 2 46 23 47 6
D 52 15 2 17 25 19 6
D 51 17 3 16 20 52 21 19 6
D 53 17 3 16 34 52 23 19 6
D 55 15 2 19 18 17 6
D 54 17 3 16 36 55 13 25 6
D 44 21 5 45 48 50 49 51 26 53 28 54 6
D 57 1 2 5 4 3 6
L 59 8 -5
L 60 8 5
D 58 9 2 59 7 60 6
D 61 1 2 5 12 3 13
D 56 5 2 57 58 61 6
L 65 28 -15
D 64 27 2 31 65 29 30
D 63 25 2 27 64 32 6
D 62 21 3 15 63 33 64 35 6
D 67 9 2 60 7 59 6
D 66 5 2 57 67 61 6
D 69 17 3 16 20 55 21 25 6
D 70 17 3 16 34 55 23 25 6
D 71 17 3 16 36 25 13 55 6
D 68 21 3 69 63 70 64 71 6
D 73 1 2 5 39 3 6
D 74 1 2 5 43 3 13
D 72 5 2 73 7 74 6
D 76 17 2 25 21 18 6
D 77 17 2 25 23 18 6
D 78 17 2 16 36 24 6
D 75 21 5 69 63 70 64 76 48 77 49 78 6
D 81 3 2 40 4 41 6
D 80 1 2 3 81 5 6
D 82 11 2 10 9 8 6
D 84 3 2 40 12 41 13
D 83 1 2 3 84 5 13
D 79 5 2 80 82 83 6
D 86 25 2 27 29 32 6
D 85 21 3 15 86 33 29 35 6
D 87 5 2 38 82 42 6
D 88 21 5 51 86 53 29 45 27 50 13 54 6
D 91 3 2 41 12 40 6
D 90 1 2 3 91 5 6
D 93 3 2 41 4 40 13
D 92 1 2 3 93 5 13
D 89 5 2 90 8 92 6
D 96 19 2 23 36 21 13
D 95 17 3 16 96 25 21 55 13
D 94 21 3 50 49 53 28 95 6
D 98 1 2 5 91 3 6
D 99 1 2 5 93 3 13
D 97 5 2 98 8 99 6
D 101 17 2 16 96 24 21
D 100 21 3 70 64 77 49 101 6
L 105 12 7
D 104 11 2 8 105 10 6
D 103 9 2 59 104 60 6
D 102 5 2 2 103 11 6
D 107 17 3 16 22 52 13 19 6
D 108 17 3 16 36 19 13 52 6
D 106 21 2 107 28 108 6
D 110 9 2 60 104 59 6
D 111 1 2 3 91 5 13
D 109 5 3 2 110 38 104 111 6
D 112 21 3 46 49 107 28 54 6
D 113 5 2 57 103 61 6
D 115 17 2 16 22 24 6
D 114 21 3 115 64 52 49 108 6
D 117 1 2 5 91 3 13
D 116 5 3 57 110 73 104 117 6
D 119 17 3 16 22 55 13 25 6
D 118 21 3 119 64 25 49 78 6
D 121 9 2 59 82 60 6
D 120 5 2 57 121 61 6
D 124 27 2 31 65 29 13
D 123 25 2 27 124 32 6
D 122 21 3 15 123 33 124 35 6
D 126 9 2 60 82 59 6
D 125 5 2 57 126 61 6
D 127 21 3 69 123 70 124 71 6
D 128 5 2 73 82 74 6
D 129 21 5 69 123 70 124 76 27 77 13 78 6
D 132 11 2 10 105 8 6
D 131 9 2 59 132 60 6
D 130 5 2 80 131 83 6
D 133 21 2 107 29 108 6
D 135 9 2 60 132 59 6
D 136 1 2 3 41 5 13
D 134 5 3 80 135 38 132 136 6
D 137 21 3 107 29 46 13 54 6
D 138 5 2 98 10 99 6
D 139 21 3 70 124 77 13 101 6
D 140 5 2 57 131 61 6
D 141 21 3 115 124 52 13 108 6
D 142 5 3 57 135 73 132 117 6
D 143 21 3 119 124 25 13 78 6
D 145 1 2 3 41 5 6
D 146 1 2 3 40 5 13
D 144 5 2 145 10 146 6
D 0 13 22 1 14 37 44 56 62 66 68 72 75 79 85 87 88 89 94 97 100 102 106 109 112 113 114 116 118 120 122 125 127 128 129 130 133 134 137 138 139 140 141 142 143 144 6
