c ids of sdd nodes start at 0
c sdd nodes appear bottom-up, children before parents
c
c file syntax:
c sdd count-of-sdd-nodes
c F id-of-false-sdd-node
c T id-of-true-sdd-node
c L id-of-literal-sdd-node id-of-vtree literal
c D id-of-decomposition-sdd-node id-of-vtree number-of-elements {id-of-prime id-of-sub}*
c
sdd 93
L 3 0 1
L 4 2 2
L 5 0 -1
F 6
D 2 1 2 3 4 5 6
L 8 4 -3
L 10 6 4
L 11 8 -5
L 12 6 -4
D 9 7 2 10 11 12 6
L 13 4 3
D 7 5 2 8 9 13 6
L 15 2 -2
T 16
D 14 1 2 3 15 5 16
D 1 3 2 2 7 14 6
L 19 10 6
L 20 12 -7
L 21 10 -6
D 18 11 2 19 20 21 6
L 23 14 8
L 25 16 9
L 26 18 10
L 27 16 -9
D 24 17 2 25 26 27 6
L 28 14 -8
D 22 15 2 23 24 28 25
L 30 12 7
D 29 11 2 19 30 21 6
D 31 15 2 23 24 28 6
D 17 13 3 18 22 29 31 21 6
L 34 8 5
D 33 7 2 12 34 10 6
D 32 3 2 2 33 14 6
D 36 15 2 23 26 28 6
D 37 11 2 21 30 19 6
D 39 17 2 27 26 25 6
D 38 15 2 23 39 28 6
D 35 13 3 29 36 37 38 20 6
D 41 7 2 10 34 12 6
D 40 3 2 2 41 14 6
D 43 15 2 23 26 28 27
D 44 11 2 21 20 19 6
D 45 15 2 23 39 28 27
D 42 13 4 18 43 44 45 29 36 37 38
D 47 5 2 13 11 8 6
D 46 3 2 2 47 14 6
D 49 15 2 23 26 28 16
D 48 13 4 44 45 29 36 37 38 18 49
D 51 1 2 5 4 3 6
D 52 1 2 5 15 3 16
D 50 3 2 51 33 52 6
D 54 15 2 23 27 28 6
D 53 13 3 37 54 29 23 20 6
D 57 7 2 12 11 10 6
D 56 5 2 13 57 8 6
D 55 3 2 51 56 52 6
D 58 13 4 37 54 44 27 29 23 18 16
D 60 1 2 3 15 5 6
D 61 1 2 3 4 5 16
D 59 3 2 60 47 61 6
L 64 18 -10
D 63 15 2 28 64 23 6
D 62 13 2 21 63 19 6
D 66 1 2 5 15 3 6
D 67 1 2 5 4 3 16
D 65 3 2 66 7 67 6
D 69 15 2 23 25 28 6
D 68 13 2 21 69 19 6
D 70 3 2 51 7 52 6
D 71 13 2 19 69 21 6
D 73 5 2 8 41 13 10
D 72 3 2 51 73 52 6
D 74 13 2 21 54 19 23
D 75 3 2 66 33 67 6
D 77 15 2 28 27 23 16
D 76 13 2 30 77 20 6
D 78 3 2 60 7 61 6
D 81 17 2 25 64 27 6
D 80 15 2 28 81 23 6
D 79 13 2 21 80 19 6
D 82 3 2 60 33 61 6
D 85 17 2 27 64 25 6
D 84 15 2 28 85 23 6
D 83 13 2 30 84 20 6
D 87 5 2 13 9 8 6
D 86 3 2 66 87 67 6
D 88 13 2 21 23 19 6
D 89 3 2 60 41 61 6
D 90 3 2 66 41 67 6
D 91 3 2 66 56 67 6
D 92 5 2 8 57 13 6
D 0 9 18 1 17 32 35 40 42 46 48 50 53 55 58 59 62 65 68 70 71 72 74 75 76 78 79 82 83 86 88 89 84 90 23 91 21 92 6
