c ids of sdd nodes start at 0
c sdd nodes appear bottom-up, children before parents
c
c file syntax:
c sdd count-of-sdd-nodes
c F id-of-false-sdd-node
c T id-of-true-sdd-node
c L id-of-literal-sdd-node id-of-vtree literal
c D id-of-decomposition-sdd-node id-of-vtree number-of-elements {id-of-prime id-of-sub}*
c
sdd 466
L 1 0 1
L 3 2 -2
L 5 4 3
L 7 6 -4
L 9 8 5
L 11 10 -6
L 13 12 7
L 15 14 -8
L 17 16 -9
L 19 18 -10
L 21 20 11
L 23 30 -16
L 25 34 18
L 26 36 -19
L 27 34 -18
T 28
D 24 35 2 25 26 27 28
L 29 30 16
L 31 36 19
F 32
D 30 35 2 27 31 25 32
D 22 31 2 23 24 29 30
L 33 20 -11
D 20 21 2 21 22 33 32
L 34 18 10
D 35 31 2 29 30 23 27
D 18 19 2 19 20 34 35
L 36 16 9
D 40 35 2 25 31 27 32
D 39 31 2 29 40 23 25
D 38 21 2 21 39 33 32
D 37 19 2 19 38 34 40
D 16 17 2 17 18 36 37
L 41 14 8
D 43 19 2 34 35 19 32
L 46 26 14
L 47 26 -14
D 45 27 2 46 40 47 32
D 44 19 2 34 45 19 32
D 42 17 2 17 43 36 44
D 14 15 2 15 16 41 42
L 48 12 -7
D 53 31 2 29 31 23 28
D 52 21 2 21 53 33 32
D 55 35 2 25 31 27 28
D 54 31 2 23 55 29 31
D 51 19 2 19 52 34 54
D 50 17 2 36 51 17 18
D 58 27 2 47 35 46 54
D 57 19 2 34 58 19 32
D 56 17 2 36 57 17 43
D 49 15 2 15 50 41 56
D 12 13 2 13 14 48 49
L 59 10 6
D 64 21 2 21 24 33 32
D 63 19 2 19 64 34 27
D 66 21 2 21 25 33 32
D 65 19 2 34 40 19 66
D 62 17 2 17 63 36 65
D 68 19 2 34 27 19 32
D 67 17 2 36 44 17 68
D 61 15 2 15 62 41 67
D 71 19 2 34 55 19 21
D 70 17 2 36 71 17 63
D 74 27 2 46 55 47 27
D 73 19 2 34 74 19 32
D 72 17 2 36 73 17 68
D 69 15 2 15 70 41 72
D 60 13 2 13 61 48 69
D 10 11 2 11 12 59 60
L 75 8 -5
D 82 27 2 47 35 46 53
D 81 21 2 21 82 33 32
D 80 19 2 19 81 34 58
D 85 27 2 46 22 47 35
D 84 21 2 21 85 33 32
D 83 19 2 19 84 34 35
D 79 17 2 36 80 17 83
D 78 15 2 15 50 41 79
D 90 27 2 46 39 47 32
D 89 21 2 21 90 33 32
D 88 19 2 19 89 34 45
D 87 17 2 17 83 36 88
D 86 15 2 15 16 41 87
D 77 13 2 48 78 13 86
D 96 27 2 47 27 46 28
D 95 21 2 21 96 33 32
D 94 19 2 34 74 19 95
D 99 27 2 46 24 47 27
D 98 21 2 21 99 33 32
D 97 19 2 19 98 34 27
D 93 17 2 36 94 17 97
D 92 15 2 15 70 41 93
D 104 27 2 46 25 47 32
D 103 21 2 21 104 33 32
D 102 19 2 19 103 34 45
D 101 17 2 17 97 36 102
D 100 15 2 15 62 41 101
D 91 13 2 48 92 13 100
D 76 11 2 11 77 59 91
D 8 9 2 9 10 75 76
L 105 6 4
L 114 28 15
L 115 28 -15
D 113 29 2 114 27 115 32
D 112 21 2 21 113 33 32
D 111 19 2 34 112 19 32
D 119 29 2 114 40 115 32
D 118 27 2 46 119 47 32
D 117 21 2 21 118 33 32
D 116 19 2 34 117 19 32
D 110 17 2 17 111 36 116
D 122 21 2 21 119 33 32
D 124 29 2 114 25 115 32
D 123 21 2 21 124 33 32
D 121 19 2 34 122 19 123
D 127 29 2 114 24 115 32
D 126 21 2 21 127 33 32
D 125 19 2 34 112 19 126
D 120 17 2 36 121 17 125
D 109 15 2 41 110 15 120
D 133 29 2 114 55 115 32
D 132 27 2 47 113 46 133
D 131 21 2 21 132 33 32
D 130 19 2 34 131 19 32
D 129 17 2 36 130 17 111
D 136 21 2 21 114 33 32
D 137 21 2 21 133 33 32
D 135 19 2 19 136 34 137
D 134 17 2 17 125 36 135
D 128 15 2 41 129 15 134
D 108 13 2 13 109 48 128
D 143 29 2 114 35 115 32
D 142 21 2 21 143 33 32
D 141 19 2 34 142 19 32
D 140 17 2 36 116 17 141
D 147 29 2 114 39 115 32
D 146 21 2 21 147 33 32
D 145 19 2 34 122 19 146
D 150 29 2 114 22 115 32
D 149 21 2 21 150 33 32
D 148 19 2 34 142 19 149
D 144 17 2 36 145 17 148
D 139 15 2 41 140 15 144
D 156 29 2 114 54 115 32
D 155 27 2 47 143 46 156
D 154 21 2 21 155 33 32
D 153 19 2 34 154 19 32
D 152 17 2 36 153 17 141
D 160 29 2 114 53 115 32
D 159 21 2 21 160 33 32
D 161 21 2 21 156 33 32
D 158 19 2 19 159 34 161
D 157 17 2 17 148 36 158
D 151 15 2 41 152 15 157
D 138 13 2 13 139 48 151
D 107 11 2 59 108 11 138
D 168 27 2 46 127 47 113
D 167 21 2 21 168 33 32
D 166 19 2 34 112 19 167
D 171 27 2 47 113 46 114
D 170 21 2 21 171 33 32
D 169 19 2 19 170 34 131
D 165 17 2 17 166 36 169
D 164 15 2 41 165 15 134
D 176 27 2 46 124 47 32
D 175 21 2 21 176 33 32
D 174 19 2 34 117 19 175
D 173 17 2 36 174 17 166
D 172 15 2 41 173 15 120
D 163 13 2 48 164 13 172
D 182 27 2 46 150 47 143
D 181 21 2 21 182 33 32
D 180 19 2 34 142 19 181
D 185 27 2 47 143 46 160
D 184 21 2 21 185 33 32
D 183 19 2 19 184 34 154
D 179 17 2 17 180 36 183
D 178 15 2 41 179 15 157
D 190 27 2 46 147 47 32
D 189 21 2 21 190 33 32
D 188 19 2 34 117 19 189
D 187 17 2 36 188 17 180
D 186 15 2 41 187 15 144
D 177 13 2 48 178 13 186
D 162 11 2 59 163 11 177
D 106 9 2 9 107 75 162
D 6 7 2 7 8 105 106
L 191 4 -3
D 199 21 2 21 35 33 32
D 198 19 2 34 199 19 32
D 201 21 2 21 45 33 32
D 200 19 2 34 201 19 32
D 197 17 2 17 198 36 200
D 204 21 2 21 40 33 32
D 203 19 2 34 204 19 38
D 205 19 2 34 199 19 20
D 202 17 2 36 203 17 205
D 196 15 2 41 197 15 202
D 209 21 2 21 58 33 32
D 208 19 2 34 209 19 32
D 207 17 2 36 208 17 198
D 212 21 2 21 54 33 32
D 211 19 2 19 52 34 212
D 210 17 2 17 205 36 211
D 206 15 2 41 207 15 210
D 195 13 2 13 196 48 206
D 217 21 2 21 27 33 32
D 216 19 2 34 217 19 32
D 215 17 2 36 200 17 216
D 219 19 2 34 204 19 66
D 220 19 2 34 217 19 64
D 218 17 2 36 219 17 220
D 214 15 2 41 215 15 218
D 224 21 2 21 74 33 32
D 223 19 2 34 224 19 32
D 222 17 2 36 223 17 216
D 227 21 2 21 55 33 32
D 226 19 2 34 227 19 21
D 225 17 2 17 220 36 226
D 221 15 2 41 222 15 225
D 213 13 2 13 214 48 221
D 194 11 2 11 195 59 213
D 232 19 2 34 199 19 84
D 233 19 2 19 81 34 209
D 231 17 2 17 232 36 233
D 230 15 2 41 231 15 210
D 236 19 2 34 201 19 89
D 235 17 2 36 236 17 232
D 234 15 2 41 235 15 202
D 229 13 2 48 230 13 234
D 240 19 2 34 217 19 98
D 241 19 2 34 224 19 95
D 239 17 2 17 240 36 241
D 238 15 2 41 239 15 225
D 244 19 2 34 201 19 103
D 243 17 2 36 244 17 240
D 242 15 2 41 243 15 218
D 237 13 2 48 238 13 242
D 228 11 2 11 229 59 237
D 193 9 2 9 194 75 228
D 192 7 2 7 8 105 193
D 4 5 2 5 6 191 192
L 245 2 2
D 253 19 2 19 39 34 40
D 254 19 2 19 22 34 35
D 252 17 2 36 253 17 254
D 251 15 2 41 42 15 252
D 257 19 2 34 54 19 53
D 256 17 2 17 254 36 257
D 255 15 2 41 56 15 256
D 250 13 2 13 251 48 255
D 261 19 2 34 40 19 25
D 262 19 2 19 24 34 27
D 260 17 2 36 261 17 262
D 259 15 2 41 67 15 260
D 265 19 2 34 55 19 28
D 264 17 2 17 262 36 265
D 263 15 2 41 72 15 264
D 258 13 2 13 259 48 263
D 249 11 2 11 250 59 258
D 270 19 2 19 85 34 35
D 271 19 2 19 82 34 58
D 269 17 2 17 270 36 271
D 268 15 2 15 256 41 269
D 274 19 2 19 90 34 45
D 273 17 2 36 274 17 270
D 272 15 2 15 252 41 273
D 267 13 2 48 268 13 272
D 278 19 2 19 99 34 27
D 279 19 2 34 74 19 96
D 277 17 2 17 278 36 279
D 276 15 2 15 264 41 277
D 282 19 2 34 45 19 104
D 281 17 2 36 282 17 278
D 280 15 2 15 260 41 281
D 275 13 2 48 276 13 280
D 266 11 2 11 267 59 275
D 248 9 2 9 249 75 266
D 247 7 2 105 106 7 248
D 283 7 2 7 248 105 193
D 246 5 2 5 247 191 283
D 2 3 2 3 4 245 246
L 284 0 -1
L 295 22 12
L 296 22 -12
D 294 23 2 295 35 296 32
D 293 19 2 19 20 34 294
D 298 23 2 295 40 296 32
D 297 19 2 19 38 34 298
D 292 17 2 17 293 36 297
D 300 19 2 34 294 19 32
D 302 23 2 295 45 296 32
D 301 19 2 34 302 19 32
D 299 17 2 17 300 36 301
D 291 15 2 15 292 41 299
D 306 23 2 295 54 296 32
D 305 19 2 19 52 34 306
D 304 17 2 36 305 17 293
D 309 23 2 295 58 296 32
D 308 19 2 34 309 19 32
D 307 17 2 36 308 17 300
D 303 15 2 15 304 41 307
D 290 13 2 13 291 48 303
D 314 23 2 295 27 296 32
D 313 19 2 34 314 19 64
D 315 19 2 34 298 19 66
D 312 17 2 17 313 36 315
D 317 19 2 34 314 19 32
D 316 17 2 36 301 17 317
D 311 15 2 15 312 41 316
D 321 23 2 295 55 296 32
D 320 19 2 34 321 19 21
D 319 17 2 36 320 17 313
D 324 23 2 295 74 296 32
D 323 19 2 34 324 19 32
D 322 17 2 36 323 17 317
D 318 15 2 15 319 41 322
D 310 13 2 13 311 48 318
D 289 11 2 11 290 59 310
D 329 19 2 34 309 19 81
D 330 19 2 19 84 34 294
D 328 17 2 36 329 17 330
D 327 15 2 15 304 41 328
D 333 19 2 19 89 34 302
D 332 17 2 17 330 36 333
D 331 15 2 15 292 41 332
D 326 13 2 48 327 13 331
D 337 19 2 34 324 19 95
D 338 19 2 19 98 34 314
D 336 17 2 36 337 17 338
D 335 15 2 15 319 41 336
D 341 19 2 19 103 34 302
D 340 17 2 17 338 36 341
D 339 15 2 15 312 41 340
D 334 13 2 48 335 13 339
D 325 11 2 11 326 59 334
D 288 9 2 9 289 75 325
D 348 23 2 295 113 296 32
D 347 19 2 19 126 34 348
D 350 23 2 295 119 296 32
D 349 19 2 19 123 34 350
D 346 17 2 17 347 36 349
D 352 19 2 34 348 19 32
D 354 23 2 295 118 296 32
D 353 19 2 34 354 19 32
D 351 17 2 17 352 36 353
D 345 15 2 15 346 41 351
D 358 23 2 295 133 296 32
D 357 19 2 19 136 34 358
D 356 17 2 36 357 17 347
D 361 23 2 295 132 296 32
D 360 19 2 34 361 19 32
D 359 17 2 36 360 17 352
D 355 15 2 15 356 41 359
D 344 13 2 13 345 48 355
D 366 23 2 295 143 296 32
D 365 19 2 19 149 34 366
D 367 19 2 19 146 34 350
D 364 17 2 17 365 36 367
D 369 19 2 34 366 19 32
D 368 17 2 36 353 17 369
D 363 15 2 15 364 41 368
D 373 23 2 295 156 296 32
D 372 19 2 19 159 34 373
D 371 17 2 36 372 17 365
D 376 23 2 295 155 296 32
D 375 19 2 34 376 19 32
D 374 17 2 36 375 17 369
D 370 15 2 15 371 41 374
D 362 13 2 13 363 48 370
D 343 11 2 59 344 11 362
D 381 19 2 34 361 19 170
D 382 19 2 19 167 34 348
D 380 17 2 36 381 17 382
D 379 15 2 15 356 41 380
D 385 19 2 19 175 34 354
D 384 17 2 17 382 36 385
D 383 15 2 15 346 41 384
D 378 13 2 48 379 13 383
D 389 19 2 34 376 19 184
D 390 19 2 19 181 34 366
D 388 17 2 36 389 17 390
D 387 15 2 15 371 41 388
D 393 19 2 19 189 34 354
D 392 17 2 17 390 36 393
D 391 15 2 15 364 41 392
D 386 13 2 48 387 13 391
D 377 11 2 59 378 11 386
D 342 9 2 9 343 75 377
D 287 7 2 7 288 105 342
D 286 5 2 5 287 191 288
D 401 19 2 34 298 19 39
D 402 19 2 34 294 19 22
D 400 17 2 36 401 17 402
D 399 15 2 41 299 15 400
D 405 19 2 34 306 19 53
D 404 17 2 17 402 36 405
D 403 15 2 41 307 15 404
D 398 13 2 13 399 48 403
D 409 19 2 34 298 19 25
D 410 19 2 34 314 19 24
D 408 17 2 36 409 17 410
D 407 15 2 41 316 15 408
D 413 19 2 34 321 19 28
D 412 17 2 17 410 36 413
D 411 15 2 41 322 15 412
D 406 13 2 13 407 48 411
D 397 11 2 11 398 59 406
D 418 19 2 19 85 34 294
D 419 19 2 34 309 19 82
D 417 17 2 17 418 36 419
D 416 15 2 15 404 41 417
D 422 19 2 19 90 34 302
D 421 17 2 36 422 17 418
D 420 15 2 15 400 41 421
D 415 13 2 48 416 13 420
D 426 19 2 19 99 34 314
D 427 19 2 34 324 19 96
D 425 17 2 17 426 36 427
D 424 15 2 15 412 41 425
D 430 19 2 34 302 19 104
D 429 17 2 36 430 17 426
D 428 15 2 15 408 41 429
D 423 13 2 48 424 13 428
D 414 11 2 11 415 59 423
D 396 9 2 9 397 75 414
D 436 19 2 19 124 34 350
D 437 19 2 19 127 34 348
D 435 17 2 36 436 17 437
D 434 15 2 41 351 15 435
D 440 19 2 34 358 19 114
D 439 17 2 17 437 36 440
D 438 15 2 41 359 15 439
D 433 13 2 13 434 48 438
D 444 19 2 34 350 19 147
D 445 19 2 19 150 34 366
D 443 17 2 36 444 17 445
D 442 15 2 41 368 15 443
D 448 19 2 34 373 19 160
D 447 17 2 17 445 36 448
D 446 15 2 41 374 15 447
D 441 13 2 13 442 48 446
D 432 11 2 59 433 11 441
D 453 19 2 19 168 34 348
D 454 19 2 34 361 19 171
D 452 17 2 17 453 36 454
D 451 15 2 15 439 41 452
D 457 19 2 19 176 34 354
D 456 17 2 36 457 17 453
D 455 15 2 15 435 41 456
D 450 13 2 48 451 13 455
D 461 19 2 19 182 34 366
D 462 19 2 34 376 19 185
D 460 17 2 17 461 36 462
D 459 15 2 15 447 41 460
D 465 19 2 19 190 34 354
D 464 17 2 36 465 17 461
D 463 15 2 15 443 41 464
D 458 13 2 48 459 13 463
D 449 11 2 59 450 11 458
D 431 9 2 9 432 75 449
D 395 7 2 7 396 105 431
D 394 5 2 5 395 191 396
D 285 3 2 3 286 245 394
D 0 1 2 1 2 284 285
