c ids of sdd nodes start at 0
c sdd nodes appear bottom-up, children before parents
c
c file syntax:
c sdd count-of-sdd-nodes
c F id-of-false-sdd-node
c T id-of-true-sdd-node
c L id-of-literal-sdd-node id-of-vtree literal
c D id-of-decomposition-sdd-node id-of-vtree number-of-elements {id-of-prime id-of-sub}*
c
sdd 180
L 2 0 -1
L 5 6 -4
L 6 8 5
L 7 6 4
F 8
D 4 7 2 5 6 7 8
L 10 10 6
L 11 12 7
L 12 10 -6
D 9 11 2 10 11 12 8
L 14 8 -5
T 15
D 13 7 2 5 14 7 15
D 3 9 2 4 9 13 8
L 16 0 1
D 1 5 2 2 3 16 8
L 20 14 -8
L 21 16 -9
L 22 14 8
D 19 15 2 20 21 22 8
L 23 20 -11
L 25 16 9
D 24 15 2 20 25 22 15
D 18 17 2 19 23 24 8
L 28 22 12
L 29 24 -13
L 30 22 -12
D 27 23 2 28 29 30 15
L 32 26 -14
L 33 28 -15
L 34 26 14
D 31 27 2 32 33 34 8
L 36 24 13
D 35 23 2 28 36 30 8
D 26 25 2 27 31 35 33
D 38 15 2 20 25 22 8
L 40 18 -10
L 41 18 10
D 39 19 2 40 23 41 8
D 42 15 2 20 21 22 15
D 37 17 2 38 39 42 8
D 44 23 2 28 29 30 8
D 43 25 3 44 31 35 33 30 8
L 46 20 11
D 45 17 2 19 46 24 8
D 47 25 2 30 31 28 33
D 49 15 2 22 25 20 8
D 50 19 2 40 46 41 8
D 51 15 2 22 21 20 15
D 48 17 2 49 50 51 8
D 53 23 2 28 36 30 15
D 52 25 2 44 33 53 8
D 54 17 2 38 50 42 8
D 55 25 2 28 33 30 8
D 56 17 2 49 39 51 8
D 57 25 2 44 31 53 8
D 59 15 2 22 21 20 8
D 60 15 2 22 25 20 15
D 58 17 2 59 46 60 8
D 61 25 2 29 33 36 8
D 62 17 2 59 23 60 8
D 63 25 2 29 31 36 8
D 64 17 2 25 41 21 8
D 17 21 9 18 26 37 43 45 47 48 52 54 55 56 57 58 61 62 63 64 8
D 67 7 2 7 6 5 8
D 68 7 2 7 14 5 15
D 66 9 2 67 9 68 8
D 65 5 2 2 66 16 8
D 70 17 2 38 23 42 8
D 71 17 2 49 46 51 8
D 72 17 2 38 46 42 8
D 73 17 2 49 23 51 8
D 69 21 8 18 26 70 43 45 47 71 52 72 55 73 57 58 61 62 63
D 76 7 2 5 14 7 8
D 77 7 2 5 6 7 15
D 75 9 2 76 9 77 8
D 74 5 2 2 75 16 8
D 79 17 3 38 39 19 23 22 8
D 80 17 3 49 50 59 46 20 8
D 81 17 3 38 50 19 46 22 8
D 82 17 3 49 39 59 23 20 8
D 78 21 5 79 43 80 52 81 55 82 57 64 8
D 85 7 2 7 14 5 8
D 86 7 2 7 6 5 15
D 84 9 2 85 9 86 8
D 83 5 2 2 84 16 8
D 88 17 2 20 23 22 8
D 89 17 2 22 46 20 8
D 90 17 2 20 46 22 8
D 91 17 2 22 23 20 8
D 87 21 4 88 43 89 52 90 55 91 57
L 95 12 -7
D 94 11 2 10 95 12 8
D 93 9 2 4 94 13 8
D 92 5 2 2 93 16 8
D 97 17 3 25 39 19 23 59 8
D 99 27 2 34 33 32 8
D 98 25 2 35 99 27 8
D 100 17 2 25 50 21 8
D 101 25 2 36 99 29 8
D 96 21 6 97 98 45 47 100 55 62 101 58 33 64 8
D 103 9 2 67 94 68 8
D 102 5 2 2 103 16 8
D 105 17 2 60 23 59 8
D 106 17 2 25 46 21 8
D 104 21 5 105 98 45 47 106 55 62 101 58 33
D 108 9 2 76 94 77 8
D 107 5 2 2 108 16 8
D 109 21 5 79 98 81 47 82 101 80 33 64 8
D 111 9 2 85 94 86 8
D 110 5 2 2 111 16 8
D 112 21 4 88 98 90 47 91 101 89 33
D 115 11 2 12 95 10 8
D 114 9 2 4 115 13 8
D 113 5 2 2 114 16 8
D 117 25 2 35 34 27 8
D 118 25 2 30 32 28 15
D 119 25 2 36 34 29 8
D 116 21 6 97 117 45 118 62 119 100 28 58 15 64 8
D 121 9 2 67 115 68 8
D 120 5 2 2 121 16 8
D 122 21 5 105 117 45 118 62 119 106 28 58 15
D 123 5 2 16 93 2 8
D 125 17 2 25 50 21 46
D 126 25 2 28 32 30 8
D 128 19 2 40 23 41 15
D 127 17 2 25 128 21 23
D 124 21 2 125 126 127 8
D 129 5 2 16 114 2 8
D 131 17 2 25 39 21 23
D 130 21 3 131 117 125 28 64 8
D 132 5 2 16 121 2 8
D 133 21 2 23 117 46 28
D 134 5 2 16 108 2 8
D 136 17 2 21 46 25 8
D 135 21 3 136 126 100 32 127 8
D 138 9 2 76 115 77 8
D 137 5 2 16 138 2 8
D 140 17 3 38 39 21 23 49 8
D 139 21 6 140 117 54 118 56 119 136 28 48 15 64 8
D 142 9 2 85 115 86 8
D 141 5 2 16 142 2 8
D 144 17 2 51 23 49 8
D 143 21 5 144 117 72 118 73 119 136 28 71 15
D 145 5 2 2 138 16 8
D 146 21 5 79 117 81 118 82 119 80 15 64 8
D 147 5 2 16 111 2 8
D 148 21 3 136 126 106 32 23 8
D 149 5 2 2 142 16 8
D 150 21 4 88 117 90 118 91 119 89 15
D 151 5 2 16 103 2 8
D 152 21 2 46 126 23 8
D 155 11 2 12 11 10 8
D 154 9 2 4 155 13 8
D 153 5 2 2 154 16 8
D 157 25 2 27 32 35 15
D 158 25 3 44 32 35 15 30 8
D 159 25 2 44 32 53 8
D 160 25 2 29 32 36 8
D 156 21 9 18 157 37 158 56 159 45 118 48 44 62 160 58 29 54 28 64 8
D 162 9 2 67 155 68 8
D 161 5 2 2 162 16 8
D 163 21 8 18 157 70 158 73 159 45 118 71 44 62 160 58 29 72 28
D 165 9 2 5 9 7 8
D 164 5 2 16 165 2 8
D 167 17 3 49 40 59 15 20 8
D 168 17 3 38 40 19 15 22 8
D 166 21 3 167 159 168 126 64 8
D 170 9 2 5 155 7 8
D 171 9 2 76 155 77 8
D 169 5 2 16 170 2 171
D 172 21 5 79 158 82 159 80 44 81 28 64 8
D 174 9 2 85 155 86 8
D 175 9 2 7 155 5 8
D 173 5 2 2 174 16 175
D 176 21 4 88 158 91 159 89 44 90 28
D 178 9 2 7 9 5 8
D 177 5 2 16 178 2 8
D 179 21 2 22 159 20 126
D 0 13 26 1 17 65 69 74 78 83 87 92 96 102 104 107 109 110 112 113 116 120 122 123 124 129 130 132 133 134 135 137 139 141 143 145 146 147 148 149 150 151 152 153 156 161 163 164 166 169 172 173 176 177 179
