c ids of sdd nodes start at 0
c sdd nodes appear bottom-up, children before parents
c
c file syntax:
c sdd count-of-sdd-nodes
c F id-of-false-sdd-node
c T id-of-true-sdd-node
c L id-of-literal-sdd-node id-of-vtree literal
c D id-of-decomposition-sdd-node id-of-vtree number-of-elements {id-of-prime id-of-sub}*
c
sdd 179
L 3 0 1
L 4 4 -3
L 5 0 -1
F 6
D 2 1 2 3 4 5 6
L 9 6 -4
L 10 8 5
L 11 6 4
D 8 7 2 9 10 11 6
L 12 10 -6
L 14 8 -5
T 15
D 13 7 2 9 14 11 15
D 7 9 2 8 12 13 6
L 17 4 3
D 16 1 2 3 17 5 15
D 1 5 2 2 7 16 6
L 20 14 -8
L 21 20 -11
L 22 14 8
D 19 17 2 20 21 22 15
L 24 22 -12
L 25 26 -14
L 26 22 12
D 23 25 2 24 25 26 15
L 28 20 11
D 27 17 2 20 28 22 6
D 18 21 2 19 23 27 26
L 32 2 -2
L 33 2 2
D 31 3 2 32 4 33 6
D 30 1 2 5 31 3 6
D 35 7 2 11 14 9 6
L 36 12 -7
D 37 7 2 11 10 9 15
D 34 9 2 35 36 37 6
D 39 3 2 32 17 33 15
D 38 1 2 5 39 3 15
D 29 5 2 30 34 38 6
L 42 16 -9
L 43 16 9
D 41 17 2 42 21 43 15
L 46 24 -13
D 45 23 2 26 46 24 6
L 47 26 14
L 49 24 13
D 48 23 2 26 49 24 15
D 44 25 2 45 47 48 6
D 50 17 2 42 28 43 6
D 51 25 2 26 47 24 6
D 40 21 2 41 44 50 51
L 54 12 7
D 53 9 2 35 54 37 6
D 52 5 2 30 53 38 6
D 57 15 2 22 42 20 15
D 58 15 2 22 43 20 6
D 56 17 2 57 21 58 15
D 60 23 2 24 46 26 6
D 59 25 3 60 25 45 15 49 6
D 62 15 2 22 42 20 6
D 63 15 2 22 43 20 15
D 61 17 2 62 28 63 6
D 65 15 2 20 43 22 6
D 66 15 2 20 42 22 15
D 64 17 2 65 28 66 6
D 68 15 2 20 42 22 6
D 69 15 2 20 43 22 15
D 67 17 2 68 28 69 6
D 55 21 4 56 59 61 23 64 45 67 26
D 71 1 2 5 4 3 6
D 72 9 2 9 12 11 6
D 73 1 2 5 17 3 15
D 70 5 2 71 72 73 6
D 75 17 3 65 21 58 15 42 6
D 76 17 3 68 21 62 15 43 6
D 74 21 4 75 59 76 23 64 45 67 26
D 78 1 2 3 31 5 6
D 79 1 2 3 39 5 15
D 77 5 2 78 53 79 6
D 81 17 2 22 28 20 6
D 80 21 3 21 59 81 23 27 26
D 84 3 2 33 17 32 6
D 83 1 2 5 84 3 6
D 86 7 2 11 10 9 6
D 87 7 2 11 14 9 15
D 85 9 2 86 54 87 6
D 89 3 2 33 4 32 6
D 88 1 2 5 89 3 6
D 90 9 2 11 54 9 6
D 91 1 2 5 32 3 15
D 82 5 3 83 85 88 90 91 6
D 94 23 2 24 49 26 15
D 93 25 2 60 25 94 6
D 95 25 2 24 25 26 6
D 92 21 3 56 93 61 95 27 6
D 97 1 2 3 84 5 6
D 98 1 2 3 89 5 6
D 99 1 2 3 32 5 15
D 96 5 3 97 85 98 90 99 6
D 100 21 3 21 93 81 95 27 6
D 102 1 2 5 32 3 6
D 103 1 2 5 33 3 15
D 101 5 2 102 85 103 6
D 105 25 2 45 25 48 6
D 106 25 2 26 25 24 6
D 107 25 2 46 25 49 6
D 104 21 4 64 105 67 106 56 107 61 25
D 109 1 2 3 32 5 6
D 110 1 2 3 33 5 15
D 108 5 2 109 85 110 6
D 111 21 3 27 106 21 107 81 25
D 114 3 2 33 4 32 15
D 113 1 2 5 114 3 15
D 112 5 2 83 53 113 6
L 118 28 15
D 117 27 2 47 118 25 15
D 116 25 2 60 117 94 6
D 119 25 2 24 117 26 6
D 115 21 3 56 116 61 119 27 6
D 120 5 2 83 34 113 6
D 123 27 2 47 118 25 6
D 122 25 2 24 123 26 6
D 124 25 2 60 123 94 6
D 121 21 3 61 122 56 124 27 6
D 126 1 2 3 114 5 15
D 125 5 2 97 53 126 6
D 127 21 3 21 116 81 119 27 6
D 128 5 2 97 34 126 6
D 129 21 3 81 122 21 124 27 6
D 131 1 2 5 17 3 6
L 133 10 6
D 132 9 2 9 133 11 6
D 134 1 2 5 4 3 15
D 130 5 2 131 132 134 6
D 136 25 2 45 117 48 6
D 137 25 2 26 117 24 6
D 135 21 2 43 136 42 137
D 140 3 2 32 17 33 6
D 139 1 2 5 140 3 6
D 142 3 2 32 4 33 15
D 141 1 2 5 142 3 15
D 138 5 2 139 53 141 6
D 144 25 2 46 117 49 6
D 143 21 4 64 136 67 137 56 144 61 117
D 145 5 2 131 72 134 6
D 146 21 4 64 136 67 137 75 144 76 117
D 147 5 2 139 34 141 6
D 149 25 2 45 123 48 6
D 150 25 2 26 123 24 6
D 151 25 2 46 123 49 6
D 148 21 4 64 149 67 150 56 151 61 123
D 153 1 2 3 140 5 6
D 154 1 2 3 142 5 15
D 152 5 2 153 53 154 6
D 155 21 3 27 137 21 144 81 117
D 157 1 2 3 17 5 6
D 158 1 2 3 4 5 15
D 156 5 2 157 7 158 6
D 159 21 2 27 137 19 117
D 161 9 2 8 133 13 6
D 160 5 2 157 161 158 6
D 162 5 2 153 34 154 6
D 163 21 3 27 150 21 151 81 123
D 164 5 2 71 132 73 6
D 165 21 2 43 45 42 26
D 166 5 2 78 34 79 6
D 167 21 2 21 44 28 51
D 168 5 2 2 161 16 6
D 171 7 2 9 14 11 6
D 170 9 3 11 36 171 15 8 6
D 173 3 2 33 17 32 15
D 172 1 2 3 173 5 6
D 175 7 2 11 14 9 10
D 174 9 3 86 36 171 15 175 6
D 176 9 2 11 36 9 6
D 177 1 2 5 173 3 6
D 178 9 2 86 36 87 6
D 169 5 4 98 170 172 174 88 176 177 178
D 0 13 25 1 18 29 40 52 55 70 74 77 80 82 92 96 100 101 104 108 111 112 115 120 121 125 127 128 129 130 135 138 143 145 146 147 148 152 155 156 159 160 137 162 163 164 165 166 167 168 26 169 6
