c ids of sdd nodes start at 0
c sdd nodes appear bottom-up, children before parents
c
c file syntax:
c sdd count-of-sdd-nodes
c F id-of-false-sdd-node
c T id-of-true-sdd-node
c L id-of-literal-sdd-node id-of-vtree literal
c D id-of-decomposition-sdd-node id-of-vtree number-of-elements {id-of-prime id-of-sub}*
c
sdd 182
L 3 0 -1
L 5 2 -2
L 6 4 -3
L 7 2 2
F 8
D 4 3 2 5 6 7 8
L 9 0 1
D 2 1 2 3 4 9 8
L 12 6 4
L 13 8 5
L 14 6 -4
D 11 7 2 12 13 14 8
L 15 10 6
L 17 8 -5
T 18
D 16 7 2 12 17 14 18
D 10 9 2 11 15 16 8
L 21 4 3
D 20 3 2 5 21 7 18
D 19 1 2 3 20 9 18
D 1 5 2 2 10 19 8
L 23 18 10
L 26 22 12
L 27 24 13
L 28 22 -12
D 25 23 2 26 27 28 8
L 30 26 -14
L 31 28 -15
L 32 26 14
D 29 27 2 30 31 32 8
L 34 24 -13
D 33 23 2 26 34 28 18
D 24 25 2 25 29 33 8
L 35 18 -10
D 36 25 2 25 30 33 8
D 22 21 2 23 24 35 36
D 39 3 2 5 21 7 8
D 38 1 2 3 39 9 8
D 41 3 2 5 6 7 18
D 40 1 2 3 41 9 18
D 37 5 2 38 11 40 8
L 44 14 -8
L 45 14 8
D 43 17 2 44 23 45 8
D 46 25 2 25 31 33 8
D 47 17 2 44 35 45 8
D 42 21 3 43 46 47 25 45 8
L 50 10 -6
D 49 9 2 11 50 16 8
D 48 5 2 2 49 19 8
D 51 21 2 23 46 35 25
D 54 3 2 7 21 5 8
D 53 1 2 3 54 9 8
D 56 3 2 7 6 5 18
D 55 1 2 3 56 9 18
D 52 5 2 53 10 55 8
L 59 28 15
D 58 25 2 26 59 28 8
D 60 17 2 44 23 45 18
D 57 21 2 47 58 60 8
D 63 3 2 7 6 5 8
D 62 1 2 9 63 3 8
D 65 3 2 7 21 5 18
D 64 1 2 9 65 3 18
D 61 5 2 62 10 64 8
L 68 16 9
L 69 16 -9
D 67 17 2 68 35 69 8
D 71 27 2 30 59 32 8
D 70 25 2 26 71 28 8
D 72 17 2 69 35 68 8
D 66 21 3 67 70 72 71 23 8
D 74 1 2 9 54 3 8
D 75 1 2 9 56 3 18
D 73 5 2 74 10 75 8
D 78 15 2 44 68 45 8
D 79 15 2 44 69 45 18
D 77 17 2 78 35 79 8
D 81 15 2 44 69 45 8
D 82 15 2 44 68 45 18
D 80 17 2 81 35 82 8
D 76 21 3 77 58 80 59 60 8
D 83 5 2 53 49 55 8
D 85 25 2 26 31 28 8
D 84 21 3 43 85 47 26 45 8
D 87 1 2 3 63 9 8
D 88 1 2 3 65 9 18
D 86 5 2 87 49 88 8
D 89 21 2 23 85 35 26
D 91 1 2 9 4 3 8
D 92 1 2 9 20 3 18
D 90 5 2 91 10 92 8
D 94 17 2 68 23 69 8
D 95 25 2 26 29 28 8
D 96 25 2 26 30 28 8
D 97 17 2 69 23 68 8
D 93 21 4 94 95 67 96 97 29 72 30
D 99 1 2 9 39 3 8
D 100 1 2 9 6 3 18
D 98 5 3 74 49 99 11 100 8
D 102 17 2 78 23 79 8
D 103 17 2 81 23 82 8
D 101 21 5 102 85 103 31 77 26 80 18 45 8
D 106 7 2 14 13 12 8
D 107 7 2 14 17 12 18
D 105 9 2 106 15 107 8
D 104 5 2 53 105 55 8
D 108 21 2 44 58 45 8
D 109 5 2 62 105 64 8
D 110 21 2 68 70 69 71
D 111 5 2 74 105 75 8
D 112 21 3 78 58 81 59 45 8
D 115 7 2 12 17 14 8
D 116 7 2 12 13 14 18
D 114 9 2 115 15 116 8
D 113 5 2 2 114 19 8
D 119 23 2 28 27 26 8
D 118 25 3 119 29 25 30 34 8
D 120 25 2 27 29 34 8
D 117 21 4 97 24 67 118 72 36 94 120
D 122 9 2 115 50 116 8
D 121 5 2 2 122 19 8
D 124 25 3 119 31 25 18 34 8
D 125 25 2 27 31 34 8
D 123 21 4 67 124 97 46 72 25 94 125
D 127 9 2 12 15 14 8
D 126 5 2 87 127 88 8
D 128 21 2 35 70 23 8
D 129 5 2 62 114 64 8
D 130 21 2 35 71 23 8
D 131 5 2 38 106 40 8
D 132 21 2 44 25 45 8
D 133 5 2 87 122 88 8
D 135 25 2 28 31 26 18
D 134 21 4 97 85 67 135 94 31 72 26
D 136 5 2 91 114 92 8
D 137 21 2 23 29 35 30
D 139 9 2 106 50 107 8
D 138 5 2 53 139 55 8
D 140 21 2 44 26 45 8
D 141 5 2 91 105 92 8
D 142 21 2 68 96 69 30
D 143 5 3 74 139 99 106 100 8
D 144 21 3 78 26 81 18 45 8
D 146 9 2 14 15 12 8
D 145 5 2 87 146 88 8
D 148 9 2 17 15 13 8
D 147 5 2 53 148 55 8
D 149 21 2 35 58 23 8
D 152 7 2 14 17 12 8
D 153 7 2 14 13 12 18
D 151 9 2 152 15 153 8
D 150 5 2 2 151 19 8
D 154 21 2 68 118 69 36
D 155 5 2 2 105 19 8
D 156 5 2 38 17 40 8
D 157 21 3 67 124 72 25 23 8
D 159 9 2 152 50 153 8
D 158 5 2 2 159 19 8
D 160 21 2 68 124 69 25
D 162 9 2 17 50 13 8
D 161 5 2 53 162 55 8
D 163 21 3 67 135 72 26 23 8
D 165 1 2 9 6 3 8
D 166 1 2 9 21 3 18
D 164 5 2 165 49 166 8
D 167 21 4 94 85 97 31 67 26 72 18
D 168 5 2 87 159 88 8
D 169 21 2 68 135 69 26
D 170 5 2 74 148 75 8
D 171 21 2 35 59 23 8
D 172 5 2 165 122 166 8
D 173 21 2 23 31 35 18
D 174 5 2 165 139 166 8
D 175 21 2 68 26 69 18
D 176 5 2 2 139 19 8
D 177 5 2 62 151 64 8
D 178 5 2 91 151 92 8
D 179 5 2 87 139 88 8
D 180 5 3 74 162 99 17 100 8
D 181 5 2 165 159 166 8
D 0 13 41 1 22 37 42 48 51 52 57 61 66 73 76 83 84 86 89 90 93 98 101 104 108 109 110 111 112 113 117 121 123 126 128 129 130 131 132 133 134 136 137 138 140 141 142 143 144 145 70 147 149 150 154 155 36 156 157 158 160 161 163 164 167 168 169 170 171 172 173 174 175 176 25 177 71 178 30 179 26 180 35 181 18
