c ids of sdd nodes start at 0
c sdd nodes appear bottom-up, children before parents
c
c file syntax:
c sdd count-of-sdd-nodes
c F id-of-false-sdd-node
c T id-of-true-sdd-node
c L id-of-literal-sdd-node id-of-vtree literal
c D id-of-decomposition-sdd-node id-of-vtree number-of-elements {id-of-prime id-of-sub}*
c
sdd 104
L 3 2 -2
L 4 4 3
L 5 2 2
F 6
D 2 3 2 3 4 5 6
L 8 8 5
L 9 10 -6
L 10 8 -5
D 7 9 2 8 9 10 6
L 12 4 -3
T 13
D 11 3 2 3 12 5 13
D 1 5 2 2 7 11 6
L 15 16 -9
L 17 22 12
L 18 28 15
L 19 22 -12
D 16 25 2 17 18 19 13
L 21 14 -8
L 22 16 9
L 23 14 8
D 20 15 2 21 22 23 6
L 26 24 13
D 25 23 2 19 26 17 6
L 28 24 -13
D 27 23 2 19 28 17 13
D 24 25 2 25 18 27 6
D 30 15 2 23 22 21 6
L 31 18 10
D 32 15 2 23 15 21 13
D 29 17 2 30 31 32 6
D 33 25 2 26 18 28 6
L 35 18 -10
D 34 17 2 30 35 32 6
D 14 21 4 15 16 20 24 29 33 34 6
D 37 3 2 5 4 3 6
L 40 12 7
L 41 10 6
D 39 11 2 9 40 41 6
D 38 9 2 8 39 10 6
D 42 3 2 5 12 3 13
D 36 5 2 37 38 42 6
D 44 17 3 30 35 15 13 20 6
D 43 21 3 20 24 29 33 44 6
D 46 3 2 3 12 5 6
L 49 12 -7
D 48 11 2 9 49 41 6
D 47 9 2 10 48 8 6
D 50 3 2 3 4 5 13
D 45 5 2 46 47 50 6
L 54 26 -14
L 55 26 14
D 53 27 2 54 18 55 6
D 52 25 2 17 53 19 54
D 56 25 2 19 53 17 6
D 51 21 4 15 52 20 56 29 53 34 6
D 58 9 2 10 39 8 9
D 57 5 2 46 58 50 6
D 60 25 2 19 18 17 6
D 59 21 4 15 16 20 60 29 18 34 6
D 62 3 2 5 12 3 6
D 63 3 2 5 4 3 13
D 61 5 2 62 39 63 6
D 64 21 4 20 60 29 18 15 13 34 6
D 66 11 2 41 40 9 6
D 65 5 2 2 66 11 6
D 69 23 2 17 26 19 6
D 68 25 3 69 18 25 13 28 6
D 67 21 4 29 68 15 16 20 25 34 6
D 70 5 2 37 66 42 6
D 71 21 3 20 25 29 26 44 6
D 74 11 2 41 49 9 6
D 73 9 2 10 74 8 6
D 72 5 2 2 73 11 6
D 76 17 3 30 31 20 13 15 6
D 77 25 2 25 54 27 6
D 78 25 2 19 54 17 6
D 75 21 3 76 77 15 78 34 6
D 80 9 2 8 74 10 6
D 79 5 2 2 80 11 6
D 81 21 3 76 25 15 19 34 6
D 82 5 2 46 66 50 6
D 84 17 3 30 31 15 13 20 6
D 83 21 3 84 16 20 19 34 6
D 85 5 2 62 66 63 6
D 86 21 3 20 19 84 13 34 6
D 87 5 2 46 73 50 6
D 89 17 2 30 31 32 13
D 88 21 2 89 78 34 6
D 90 5 2 46 80 50 6
D 91 21 2 89 19 34 6
D 92 5 2 62 73 63 6
D 93 21 2 15 78 22 6
D 94 5 2 62 47 63 6
D 95 21 2 15 54 22 6
D 96 5 2 62 80 63 6
D 97 21 2 15 19 22 6
D 99 9 2 8 48 10 6
D 98 5 2 62 99 63 6
D 102 11 2 41 49 9 13
D 101 9 2 10 102 8 49
D 103 9 2 10 9 8 6
D 100 5 3 37 101 2 103 12 6
D 0 13 18 1 14 36 43 45 51 57 59 61 64 65 67 70 71 72 75 79 81 82 83 85 86 87 88 90 91 92 93 94 95 96 97 98 15 100 6
