c ids of sdd nodes start at 0
c sdd nodes appear bottom-up, children before parents
c
c file syntax:
c sdd count-of-sdd-nodes
c F id-of-false-sdd-node
c T id-of-true-sdd-node
c L id-of-literal-sdd-node id-of-vtree literal
c D id-of-decomposition-sdd-node id-of-vtree number-of-elements {id-of-prime id-of-sub}*
c
sdd 101
L 3 0 -1
L 4 2 2
L 5 0 1
F 6
D 2 1 2 3 4 5 6
L 8 4 -3
L 10 6 -4
L 11 8 -5
L 12 6 4
D 9 7 2 10 11 12 6
L 13 4 3
D 7 5 2 8 9 13 6
L 15 2 -2
T 16
D 14 1 2 3 15 5 16
D 1 3 2 2 7 14 6
L 19 10 -6
L 20 12 -7
L 21 10 6
D 18 11 2 19 20 21 6
L 23 14 8
L 24 18 -10
L 25 14 -8
D 22 15 2 23 24 25 6
L 27 12 7
D 26 11 2 19 27 21 6
D 28 15 2 23 24 25 16
D 17 13 3 18 22 26 28 21 6
L 32 8 5
D 31 7 2 10 32 12 6
D 30 5 2 8 31 13 6
D 29 3 2 2 30 14 6
L 35 16 9
D 34 15 2 25 35 23 6
D 33 13 3 18 22 26 28 21 34
D 38 7 2 12 11 10 6
D 37 5 2 8 38 13 6
D 36 3 2 2 37 14 6
L 42 16 -9
D 41 17 2 35 24 42 6
D 40 15 2 25 41 23 6
D 39 13 3 21 40 18 23 26 6
D 45 7 2 12 32 10 6
D 44 5 2 8 45 13 6
D 43 3 2 2 44 14 6
D 46 13 3 21 34 18 23 26 6
D 48 5 2 13 31 8 6
D 47 3 2 5 48 3 6
D 50 11 2 21 20 19 6
D 52 17 2 42 24 35 6
D 51 15 2 23 52 25 42
D 53 11 2 21 27 19 6
D 54 15 2 23 52 25 16
D 55 15 2 23 52 25 6
D 49 13 4 50 51 53 54 18 55 26 28
D 57 5 2 13 38 8 6
D 56 3 2 5 57 3 6
D 59 15 2 23 52 25 24
D 60 15 2 23 42 25 6
D 58 13 4 53 59 18 60 50 52 26 6
D 62 5 2 13 45 8 6
D 61 3 2 5 62 3 6
D 64 15 2 23 42 25 16
D 63 13 4 53 64 18 60 50 42 26 6
D 66 1 2 3 4 5 16
D 67 5 2 13 9 8 6
D 68 1 2 3 15 5 6
D 65 3 2 66 67 68 6
D 69 13 3 18 55 26 28 21 6
D 70 3 2 2 48 14 6
D 71 13 4 18 55 26 28 53 34 50 6
D 72 3 2 2 57 14 6
D 74 11 2 21 20 19 27
D 73 13 3 18 60 53 40 74 6
D 75 3 2 68 38 66 6
D 77 11 2 21 20 19 16
D 76 13 2 53 40 77 6
D 78 3 2 68 31 66 6
D 79 13 3 26 28 53 34 20 6
D 80 3 2 2 62 14 6
D 81 13 3 18 60 53 34 74 6
D 82 3 2 68 45 66 6
D 83 13 2 53 34 77 6
D 84 3 2 5 37 3 6
L 87 18 10
D 86 15 2 23 87 25 6
D 88 11 2 19 27 21 16
D 85 13 2 18 86 88 6
D 89 3 2 5 44 3 6
D 92 17 2 42 87 35 6
D 91 15 2 23 92 25 87
D 90 13 3 21 91 18 86 26 6
D 93 3 2 5 7 3 6
D 95 15 2 25 87 23 6
D 96 11 2 19 20 21 16
D 94 13 2 26 95 96 6
D 97 3 2 5 30 3 6
D 98 13 2 88 95 18 6
D 99 3 2 68 9 66 6
D 100 13 2 26 28 96 6
D 0 9 19 1 17 29 33 36 39 43 46 47 49 56 58 61 63 65 69 70 71 72 73 75 76 78 79 80 81 82 83 84 85 89 90 93 94 97 98 99 100
