c ids of sdd nodes start at 0
c sdd nodes appear bottom-up, children before parents
c
c file syntax:
c sdd count-of-sdd-nodes
c F id-of-false-sdd-node
c T id-of-true-sdd-node
c L id-of-literal-sdd-node id-of-vtree literal
c D id-of-decomposition-sdd-node id-of-vtree number-of-elements {id-of-prime id-of-sub}*
c
sdd 156
L 3 0 1
L 5 2 2
L 6 4 3
L 7 2 -2
F 8
D 4 3 2 5 6 7 8
L 9 0 -1
D 2 1 2 3 4 9 8
L 11 8 5
L 13 10 6
L 14 12 -7
L 15 10 -6
D 12 11 2 13 14 15 8
L 16 8 -5
D 10 9 2 11 12 16 8
L 19 4 -3
T 20
D 18 3 2 5 19 7 20
D 17 1 2 3 18 9 20
D 1 5 2 2 10 17 8
L 24 14 8
L 25 16 9
L 26 14 -8
D 23 15 2 24 25 26 20
L 27 20 -11
L 29 16 -9
D 28 15 2 24 29 26 8
D 22 17 2 23 27 28 8
L 31 22 12
L 32 26 -14
L 33 22 -12
D 30 25 2 31 32 33 8
L 35 20 11
D 34 17 2 23 35 28 8
L 37 28 15
L 38 26 14
D 36 27 2 32 37 38 8
D 21 21 3 22 30 34 36 28 8
D 40 9 2 16 12 11 8
D 39 5 2 2 40 17 8
L 44 18 -10
L 45 18 10
D 43 19 2 44 27 45 8
D 42 17 2 25 43 29 8
L 48 28 -15
D 47 27 2 38 48 32 20
D 46 25 2 31 47 33 8
D 50 19 2 45 27 44 8
D 49 17 2 23 50 28 8
D 52 15 2 26 29 24 8
D 53 19 2 45 35 44 8
D 51 17 3 52 53 25 35 28 8
D 55 19 2 44 35 45 8
D 56 15 2 26 25 24 20
D 54 17 2 52 55 56 8
D 57 17 2 52 43 56 8
D 41 21 6 42 46 49 30 51 36 54 37 57 31 28 8
D 60 11 2 15 14 13 8
D 59 9 2 11 60 16 8
D 58 5 2 2 59 17 8
D 61 21 3 22 30 34 32 28 8
D 64 3 2 7 6 5 8
D 63 1 2 3 64 9 8
D 66 3 2 7 19 5 20
D 65 1 2 3 66 9 20
D 62 5 2 63 10 65 8
D 67 21 3 34 36 22 32 28 8
D 69 9 2 16 60 11 8
D 68 5 2 2 69 17 8
D 71 17 2 25 55 29 8
D 72 17 2 23 53 28 8
D 70 21 7 42 46 71 47 49 30 72 32 57 31 54 20 28 8
D 73 5 2 63 40 65 8
D 74 21 6 42 47 51 36 54 37 49 32 57 20 28 8
D 75 5 2 63 59 65 8
D 76 21 2 23 32 28 8
D 79 3 2 7 19 5 8
D 78 1 2 3 79 9 8
D 81 3 2 7 6 5 20
D 80 1 2 3 81 9 20
D 77 5 2 78 69 80 8
D 84 15 2 26 25 24 8
D 85 15 2 26 29 24 20
D 83 17 2 84 44 85 8
D 86 17 2 26 45 24 8
D 87 17 2 52 44 56 8
D 82 21 4 83 47 86 32 87 20 24 8
D 89 1 2 9 6 3 8
D 90 1 2 9 19 3 20
D 88 5 2 89 40 90 8
D 92 17 2 29 53 25 35
D 93 17 2 29 55 25 8
D 94 17 2 29 43 25 8
D 91 21 5 42 46 50 30 92 36 93 37 94 31
D 97 3 2 5 19 7 8
D 96 1 2 3 97 9 19
D 99 3 2 5 6 7 20
D 98 1 2 3 99 9 6
D 95 5 2 96 69 98 8
D 101 17 2 84 43 85 8
D 102 17 2 84 55 85 8
D 103 17 2 26 50 24 8
D 104 17 2 26 53 24 8
D 100 21 7 101 46 102 47 103 30 104 32 57 31 54 20 24 8
D 105 5 2 89 69 90 8
D 106 21 6 42 46 71 47 50 30 53 32 94 31 93 20
L 110 12 7
D 109 11 2 13 110 15 8
D 108 9 2 16 109 11 8
D 111 1 2 3 97 9 8
D 112 1 2 3 7 9 20
D 107 5 3 2 108 111 109 112 8
D 114 17 2 25 27 29 8
D 115 17 2 25 35 29 8
D 116 17 2 52 35 56 8
D 117 17 2 52 27 56 8
D 113 21 5 114 46 115 36 116 37 117 31 28 8
D 120 11 2 15 110 13 8
D 119 9 2 16 120 11 8
D 118 5 2 2 119 17 8
D 121 21 5 114 46 115 47 117 31 116 20 28 8
D 123 1 2 3 5 9 20
D 122 5 3 63 108 78 109 123 8
D 124 21 5 114 47 115 36 116 37 117 20 28 8
D 125 5 2 78 120 80 8
D 126 21 3 84 47 52 20 24 8
D 128 1 2 9 19 3 8
D 127 5 3 89 108 128 109 3 8
D 130 17 2 29 35 25 8
D 131 17 2 29 27 25 8
D 129 21 4 114 46 115 36 130 37 131 31
D 132 5 2 96 120 98 8
D 134 17 2 84 27 85 8
D 135 17 2 84 35 85 8
D 133 21 5 134 46 135 47 117 31 116 20 24 8
D 136 5 2 89 119 90 8
D 137 21 4 114 46 115 47 131 31 130 20
D 138 5 2 89 10 90 8
D 139 21 2 27 30 35 36
D 140 5 2 96 59 98 8
D 142 17 2 26 27 24 8
D 143 17 2 26 35 24 8
D 141 21 3 142 30 143 32 24 8
D 144 5 2 89 59 90 8
D 145 21 2 27 30 35 32
D 146 5 2 63 69 65 8
D 148 17 2 25 44 29 8
D 149 17 2 23 45 28 8
D 147 21 4 148 47 149 32 87 20 28 8
D 150 5 2 63 119 65 8
D 151 21 3 25 47 52 20 28 8
D 152 5 2 78 59 80 8
D 153 21 2 26 32 24 8
D 155 9 2 11 110 16 8
D 154 5 2 6 155 19 12
D 0 13 25 1 21 39 41 58 61 62 67 68 70 73 74 75 76 77 82 88 91 95 100 105 106 107 113 118 121 122 124 125 126 127 129 132 133 136 137 138 139 140 141 144 145 146 147 150 151 152 153 154 8
