c ids of sdd nodes start at 0
c sdd nodes appear bottom-up, children before parents
c
c file syntax:
c sdd count-of-sdd-nodes
c F id-of-false-sdd-node
c T id-of-true-sdd-node
c L id-of-literal-sdd-node id-of-vtree literal
c D id-of-decomposition-sdd-node id-of-vtree number-of-elements {id-of-prime id-of-sub}*
c
sdd 73
L 3 0 1
L 4 2 -2
L 5 0 -1
F 6
D 2 1 2 3 4 5 6
L 8 4 3
L 10 6 -4
L 11 8 -5
L 12 6 4
D 9 7 2 10 11 12 6
L 13 4 -3
D 7 5 2 8 9 13 6
L 15 2 2
T 16
D 14 1 2 3 15 5 16
D 1 3 2 2 7 14 6
L 19 10 -6
L 20 12 -7
L 21 10 6
D 18 11 2 19 20 21 6
L 23 14 8
L 25 16 9
L 26 18 -10
L 27 16 -9
D 24 17 2 25 26 27 6
L 28 14 -8
D 22 15 2 23 24 28 6
L 30 12 7
D 29 11 2 21 30 19 6
D 31 15 2 28 24 23 25
D 32 11 2 19 30 21 6
L 35 18 10
D 34 17 2 25 35 27 6
D 33 15 2 28 34 23 25
D 36 11 2 21 20 19 6
D 17 13 4 18 22 29 31 32 33 36 24
D 38 1 2 3 15 5 6
D 39 5 2 8 11 13 6
D 40 1 2 3 4 5 16
D 37 3 2 38 39 40 6
D 42 15 2 28 24 23 6
D 41 13 2 19 22 21 42
D 44 1 2 5 4 3 6
L 47 8 5
D 46 7 2 12 47 10 6
D 45 5 2 13 46 8 12
D 48 1 2 5 15 3 16
D 43 3 2 44 45 48 6
D 51 17 2 25 26 27 16
D 50 15 2 23 51 28 26
D 52 15 2 28 26 23 16
D 49 13 3 36 50 29 52 19 6
D 54 1 2 5 15 3 6
D 55 5 2 13 47 8 16
D 56 1 2 5 4 3 16
D 53 3 2 54 55 56 6
D 59 17 2 27 35 25 6
D 58 15 2 28 59 23 51
D 60 15 2 28 35 23 16
D 61 15 2 28 26 23 6
D 57 13 3 18 58 32 60 21 61
D 64 7 2 10 47 12 6
D 63 5 2 13 64 8 10
D 62 3 3 44 63 2 64 15 6
D 65 13 4 36 50 18 58 29 52 32 60
D 66 3 2 38 47 40 6
D 68 15 2 23 26 28 6
D 67 13 2 19 68 21 61
D 71 7 2 10 11 12 16
D 70 5 2 13 71 8 12
D 72 5 2 13 11 8 6
D 69 3 2 2 70 14 72
D 0 9 7 1 17 37 41 43 49 53 57 62 65 66 67 69 6
