c ids of sdd nodes start at 0
c sdd nodes appear bottom-up, children before parents
c
c file syntax:
c sdd count-of-sdd-nodes
c F id-of-false-sdd-node
c T id-of-true-sdd-node
c L id-of-literal-sdd-node id-of-vtree literal
c D id-of-decomposition-sdd-node id-of-vtree number-of-elements {id-of-prime id-of-sub}*
c
sdd 181
L 3 0 1
L 4 4 -3
L 5 0 -1
F 6
D 2 1 2 3 4 5 6
L 9 6 4
L 10 8 5
L 11 6 -4
D 8 7 2 9 10 11 6
L 12 10 -6
L 14 8 -5
T 15
D 13 7 2 9 14 11 15
D 7 9 2 8 12 13 6
L 17 4 3
D 16 1 2 3 17 5 15
D 1 5 2 2 7 16 6
L 21 14 8
L 22 16 9
L 23 14 -8
D 20 15 2 21 22 23 15
L 24 20 11
L 26 16 -9
D 25 15 2 21 26 23 6
D 19 17 2 20 24 25 6
L 28 22 12
L 29 28 -15
L 30 22 -12
D 27 25 2 28 29 30 6
L 32 20 -11
D 31 17 2 20 32 25 6
L 35 24 -13
D 34 23 2 28 35 30 6
L 37 26 14
L 38 26 -14
D 36 27 2 37 29 38 6
L 40 24 13
D 39 23 2 28 40 30 15
D 33 25 2 34 36 39 6
D 18 21 3 19 27 31 33 25 6
D 42 1 2 5 4 3 6
D 43 1 2 5 17 3 15
D 41 5 2 42 7 43 6
D 46 15 2 23 22 21 6
L 48 18 -10
L 49 18 10
D 47 19 2 48 24 49 6
D 50 15 2 23 26 21 6
D 45 17 3 46 47 50 24 21 6
D 52 23 2 28 40 30 6
D 51 25 3 52 29 34 15 30 6
D 54 19 2 49 32 48 6
D 55 15 2 21 22 23 6
D 53 17 3 46 54 55 32 26 6
D 56 25 2 34 29 39 6
D 58 19 2 49 24 48 6
D 57 17 3 46 58 55 24 26 6
D 60 19 2 48 32 49 6
D 59 17 3 46 60 50 32 21 6
D 44 21 5 45 51 53 56 57 27 59 34 25 6
D 63 7 2 11 10 9 6
D 64 7 2 11 14 9 15
D 62 9 2 63 12 64 6
D 61 5 2 2 62 16 6
D 65 21 2 24 27 32 33
D 66 5 2 42 62 43 6
D 68 17 3 46 54 21 32 50 6
D 69 17 3 46 58 21 24 50 6
D 67 21 4 45 51 68 56 69 27 59 34
D 71 1 2 3 17 5 6
D 72 9 2 9 12 11 6
D 74 7 2 9 14 11 6
D 75 7 2 9 10 11 15
D 73 9 2 74 12 75 6
D 70 5 3 71 72 2 73 5 6
D 77 25 2 35 36 40 6
D 76 21 3 31 77 19 29 25 6
D 79 1 2 5 17 3 6
D 78 5 3 79 72 42 73 3 6
D 81 25 2 40 29 35 15
D 82 25 2 35 29 40 6
D 80 21 5 45 81 53 82 57 29 59 35 25 6
D 85 7 2 11 14 9 6
D 86 7 2 11 10 9 15
D 84 9 2 85 12 86 6
D 87 9 2 11 12 9 6
D 83 5 3 2 84 71 87 5 6
D 88 21 2 32 77 24 29
D 89 5 3 42 84 79 87 3 6
D 90 21 4 45 81 68 82 69 29 59 35
L 94 2 2
L 95 2 -2
D 93 3 2 94 4 95 6
D 92 1 2 3 93 5 6
L 98 10 6
L 99 12 -7
D 97 11 2 98 99 12 6
D 96 9 3 74 97 8 98 11 6
D 101 3 2 94 17 95 6
D 100 1 2 3 101 5 6
D 102 9 2 9 97 11 6
D 103 1 2 3 95 5 15
D 91 5 3 92 96 100 102 103 6
D 106 15 2 21 26 23 15
D 105 17 2 55 60 106 6
L 109 28 15
D 108 27 2 37 109 38 6
D 107 25 2 28 108 30 6
D 110 17 2 55 47 106 6
D 111 25 2 28 109 30 6
D 112 17 2 55 49 106 15
D 104 21 3 105 107 110 111 112 6
D 115 3 2 95 4 94 6
D 114 1 2 3 115 5 6
D 117 3 2 95 17 94 6
D 116 1 2 3 117 5 6
D 118 1 2 3 94 5 15
D 113 5 3 114 96 116 102 118 6
D 120 25 3 52 108 34 37 30 6
D 121 17 3 55 58 23 24 25 6
D 122 17 3 55 54 23 32 25 6
D 119 21 5 105 120 121 27 122 33 110 28 25 6
L 126 12 7
D 125 11 2 98 126 12 6
D 124 9 2 74 125 75 6
D 127 9 2 9 125 11 6
D 123 5 3 92 124 100 127 103 6
D 128 21 3 105 108 110 109 112 6
D 129 5 3 114 124 116 127 118 6
D 131 25 2 40 108 35 37
D 130 21 5 122 77 105 131 121 29 110 15 25 6
D 133 1 2 5 93 3 6
D 134 1 2 5 101 3 6
D 135 1 2 5 95 3 15
D 132 5 3 133 96 134 102 135 6
D 137 17 3 22 48 50 15 25 6
D 138 25 2 34 109 39 6
D 139 17 3 22 49 25 15 50 6
D 136 21 2 137 138 139 6
D 141 1 2 5 115 3 6
D 142 1 2 5 117 3 6
D 143 1 2 5 94 3 15
D 140 5 3 141 96 142 102 143 6
D 145 17 3 22 47 50 24 25 6
D 146 17 2 22 54 26 6
D 147 17 2 22 58 26 6
D 148 17 3 22 60 50 32 25 6
D 144 21 5 145 51 146 56 147 27 148 34 25 6
D 149 5 3 133 124 134 127 135 6
D 151 25 2 35 109 40 6
D 150 21 2 137 151 139 6
D 152 5 3 141 124 142 127 143 6
D 153 21 5 145 81 146 82 147 29 148 35 25 6
D 155 9 3 85 97 63 98 9 6
D 156 9 2 11 97 9 6
D 154 5 3 114 155 116 156 118 6
D 158 17 3 55 60 25 32 23 6
D 159 17 3 55 47 25 24 23 6
D 157 21 4 158 120 121 27 122 33 159 28
D 161 9 2 11 125 9 6
D 162 9 2 85 125 86 6
D 160 5 3 116 161 114 162 118 6
D 163 21 4 122 77 158 131 121 29 159 15
D 164 5 3 141 155 142 156 143 6
D 166 17 2 22 47 26 24
D 167 17 2 22 60 26 32
D 165 21 4 166 51 146 56 147 27 167 34
D 168 5 3 142 161 141 162 143 6
D 169 21 4 166 81 146 82 147 29 167 35
D 170 5 3 92 155 100 156 103 6
D 172 17 3 55 49 23 15 25 6
D 171 21 3 158 107 159 111 172 6
D 173 5 3 100 161 92 162 103 6
D 174 21 3 158 108 159 109 172 6
D 175 5 3 133 155 134 156 135 6
D 177 17 2 22 48 26 15
D 178 17 2 22 49 26 6
D 176 21 2 177 138 178 6
D 179 5 3 134 161 133 162 135 6
D 180 21 2 177 151 178 6
D 0 13 24 1 18 41 44 61 65 66 67 70 76 78 80 83 88 89 90 91 104 113 119 123 128 129 130 132 136 140 144 149 150 152 153 154 157 160 163 164 165 168 169 170 171 173 174 175 176 179 180
