c ids of sdd nodes start at 0
c sdd nodes appear bottom-up, children before parents
c
c file syntax:
c sdd count-of-sdd-nodes
c F id-of-false-sdd-node
c T id-of-true-sdd-node
c L id-of-literal-sdd-node id-of-vtree literal
c D id-of-decomposition-sdd-node id-of-vtree number-of-elements {id-of-prime id-of-sub}*
c
sdd 80
L 3 0 1
L 4 2 -2
L 5 0 -1
F 6
D 2 1 2 3 4 5 6
L 8 4 -3
L 10 6 -4
L 11 8 -5
L 12 6 4
D 9 7 2 10 11 12 6
L 13 4 3
D 7 5 2 8 9 13 6
L 15 2 2
T 16
D 14 1 2 3 15 5 16
D 1 3 2 2 7 14 6
L 19 10 6
L 20 12 7
L 21 10 -6
D 18 11 2 19 20 21 6
L 23 14 -8
L 25 16 -9
L 26 18 -10
L 27 16 9
D 24 17 2 25 26 27 6
L 28 14 8
D 22 15 2 23 24 28 6
L 30 12 -7
D 29 11 2 19 30 21 16
D 17 13 2 18 22 29 6
D 32 5 2 8 12 13 6
D 31 3 2 2 32 14 6
D 34 15 2 23 25 28 16
D 35 11 2 21 20 19 6
D 33 13 3 30 34 18 22 35 6
D 37 1 2 3 15 5 6
D 38 1 2 3 4 5 16
D 36 3 2 37 7 38 6
D 40 15 2 23 25 28 6
D 39 13 2 18 40 29 6
D 41 3 2 37 32 38 6
D 43 11 2 19 30 21 6
D 42 13 3 43 34 18 40 21 6
D 46 7 2 10 11 12 16
D 45 5 2 13 46 8 6
D 44 3 2 2 45 14 6
D 48 15 2 23 26 28 6
D 47 13 2 20 48 30 16
D 51 7 2 12 11 10 6
D 50 5 2 8 51 13 6
D 49 3 2 5 50 3 6
D 53 11 2 21 30 19 6
D 54 11 2 21 20 19 16
D 52 13 2 53 34 54 6
D 55 3 2 37 45 38 6
D 56 13 3 18 23 43 16 21 6
L 60 8 5
D 59 7 2 12 60 10 6
D 58 5 2 8 59 13 6
D 57 3 2 5 58 3 6
D 61 13 2 30 34 20 6
D 63 1 2 5 4 3 6
D 64 5 2 13 9 8 6
D 65 1 2 5 15 3 16
D 62 3 2 63 64 65 6
D 66 13 3 35 26 53 16 19 6
D 69 7 2 10 60 12 6
D 68 5 2 13 69 8 6
D 67 3 2 37 68 38 6
D 71 5 2 13 51 8 6
D 70 3 2 5 71 3 6
D 73 5 2 13 60 8 6
D 72 3 3 2 68 5 73 37 6
D 75 1 2 5 15 3 6
D 76 1 2 5 4 3 16
D 74 3 2 75 64 76 6
D 78 5 2 8 10 13 6
D 79 5 2 8 69 13 6
D 77 3 2 5 78 3 79
D 0 9 14 1 17 31 33 36 39 41 42 44 47 49 52 55 56 57 61 62 66 67 43 70 53 72 30 74 21 77 6
