c ids of sdd nodes start at 0
c sdd nodes appear bottom-up, children before parents
c
c file syntax:
c sdd count-of-sdd-nodes
c F id-of-false-sdd-node
c T id-of-true-sdd-node
c L id-of-literal-sdd-node id-of-vtree literal
c D id-of-decomposition-sdd-node id-of-vtree number-of-elements {id-of-prime id-of-sub}*
c
sdd 197
L 2 0 1
L 4 8 -5
L 6 10 -6
L 7 12 7
L 8 10 6
F 9
D 5 11 2 6 7 8 9
L 10 8 5
D 3 9 2 4 5 10 9
L 11 0 -1
D 1 5 2 2 3 11 9
L 14 16 9
L 15 18 10
L 16 16 -9
D 13 17 2 14 15 16 9
L 19 22 -12
L 20 24 13
L 21 22 12
D 18 23 2 19 20 21 9
L 22 28 15
L 24 24 -13
T 25
D 23 23 2 19 24 21 25
D 17 25 2 18 22 23 9
L 27 18 -10
D 26 17 2 16 27 14 9
D 29 23 2 21 20 19 9
D 30 23 2 21 24 19 25
D 28 25 2 29 22 30 9
D 31 17 2 14 27 16 9
D 32 25 2 20 22 24 9
D 33 17 2 16 15 14 9
D 12 21 4 13 17 26 28 31 32 33 9
L 36 4 -3
D 35 1 2 2 36 11 9
L 39 12 -7
D 38 11 2 6 39 8 9
D 37 9 2 4 38 10 9
L 41 4 3
D 40 1 2 2 41 11 25
D 34 5 2 35 37 40 9
L 45 14 -8
L 46 14 8
D 44 15 2 45 14 46 9
D 47 15 2 45 16 46 25
D 43 17 2 44 15 47 9
D 48 17 2 44 27 47 9
D 50 23 2 19 20 21 25
D 51 23 2 19 24 21 9
D 49 25 2 50 22 51 9
L 54 20 -11
D 53 19 2 27 54 15 9
D 52 17 2 16 53 14 9
D 56 23 2 21 24 19 9
D 55 25 3 29 22 56 25 19 9
D 58 15 2 46 14 45 9
D 59 15 2 46 16 45 25
D 57 17 2 58 15 59 9
D 60 25 2 19 22 21 9
L 63 20 11
D 62 19 2 27 63 15 9
D 61 17 2 16 62 14 9
D 64 25 2 21 22 19 9
D 65 17 2 58 27 59 9
D 42 21 7 43 17 48 49 52 55 57 60 61 64 65 22 33 9
D 67 1 2 2 41 11 9
D 68 1 2 2 36 11 25
D 66 5 2 67 37 68 9
D 71 19 2 15 54 27 9
D 70 17 2 58 71 59 9
D 72 25 3 18 22 51 25 21 9
D 73 17 2 44 62 47 9
D 74 17 2 44 53 47 9
D 75 25 3 20 22 56 25 51 9
D 76 17 2 58 53 59 9
D 77 25 2 20 22 24 25
D 79 19 2 15 63 27 9
D 78 17 2 58 79 59 9
D 80 17 2 58 62 59 9
D 69 21 10 70 72 43 17 73 49 52 55 74 75 76 77 78 60 61 64 80 22 33 9
D 82 1 2 11 36 2 9
D 83 1 2 11 41 2 25
D 81 5 2 82 37 83 9
D 84 21 3 44 49 16 55 58 22
D 86 9 2 4 8 10 9
D 85 5 2 67 86 68 9
D 88 17 2 46 71 45 9
L 91 26 14
L 92 26 -14
D 90 27 2 91 22 92 9
D 89 25 3 18 90 51 91 21 9
D 93 17 2 46 53 45 9
D 94 25 2 20 90 24 91
D 95 17 2 45 53 46 9
D 96 25 3 20 90 56 91 51 9
D 97 17 2 45 15 46 9
D 98 25 2 18 90 23 9
D 99 17 2 45 62 46 9
D 100 25 2 50 90 51 9
D 101 17 2 46 79 45 9
D 102 25 2 19 90 21 9
D 103 17 2 46 62 45 9
D 87 21 7 88 89 93 94 95 96 97 98 99 100 101 102 103 90
D 104 5 2 35 86 40 9
D 107 15 2 46 16 45 9
D 108 15 2 46 14 45 25
D 106 17 2 107 71 108 9
D 110 15 2 45 16 46 9
D 109 17 3 110 62 44 27 46 9
D 112 15 2 45 14 46 25
D 111 17 2 110 53 112 9
D 113 17 2 107 53 108 9
D 114 17 3 107 79 58 15 45 9
D 115 17 3 107 62 58 27 45 9
D 105 21 7 106 72 97 17 109 49 111 75 113 77 114 60 115 22
D 116 5 2 82 86 83 9
D 117 21 4 44 49 110 75 107 77 58 22
D 119 1 2 11 41 2 9
D 121 11 2 8 7 6 9
D 120 9 2 4 121 10 9
D 122 1 2 11 36 2 25
D 118 5 2 119 120 122 9
D 123 21 2 46 94 45 96
L 127 6 4
L 128 6 -4
D 126 7 2 127 10 128 9
D 129 7 2 127 4 128 25
D 125 9 2 126 5 129 9
D 124 5 2 35 125 40 9
D 131 17 2 16 62 14 27
D 130 21 3 131 28 52 29 15 9
D 132 5 2 67 125 68 9
D 133 21 3 62 28 53 29 15 9
D 136 7 2 128 10 127 9
D 137 7 2 128 4 127 25
D 135 9 2 136 5 137 9
D 134 5 2 35 135 40 9
D 138 21 5 13 17 61 28 31 32 52 29 33 9
D 139 5 2 67 135 68 9
D 141 17 2 14 79 16 9
D 142 17 2 14 62 16 9
D 143 17 2 14 71 16 9
D 144 17 2 14 53 16 9
D 140 21 7 141 17 61 28 142 32 52 29 143 18 144 20 33 9
D 145 5 2 82 125 83 9
D 146 21 2 14 28 16 29
D 147 5 2 82 135 83 9
D 148 21 2 14 32 16 29
D 150 9 2 136 38 137 9
D 149 5 2 35 150 40 9
D 151 21 7 43 17 48 49 57 60 61 64 65 22 52 21 33 9
D 152 5 2 67 150 68 9
D 154 17 2 44 79 47 9
D 155 17 2 44 71 47 9
D 153 21 11 154 17 73 49 78 60 61 64 74 50 155 18 80 22 70 19 52 21 76 25 33 9
D 156 5 2 82 150 83 9
D 157 21 3 44 49 58 22 16 21
D 159 9 2 136 8 137 9
D 158 5 2 67 159 68 9
D 161 17 2 45 79 46 9
D 162 17 2 45 71 46 9
D 163 25 2 18 91 23 9
D 164 25 2 50 91 51 9
D 165 25 2 19 91 21 9
D 160 21 8 161 98 162 163 99 100 95 164 101 102 88 165 103 90 93 91
D 166 5 2 35 159 40 9
D 168 17 3 110 79 44 15 46 9
D 169 17 2 110 71 112 9
D 167 21 8 168 17 109 49 114 60 111 50 169 18 115 22 106 19 113 25
D 170 5 2 82 159 83 9
D 171 21 4 44 49 110 50 58 22 107 25
D 173 9 2 136 121 137 9
D 172 5 2 119 173 122 9
D 174 21 2 45 164 46 91
D 177 11 2 6 39 8 25
D 176 9 2 126 177 129 9
D 175 5 2 35 176 40 9
D 178 21 3 131 64 52 21 15 9
D 180 9 2 126 8 129 9
D 179 5 2 67 180 68 9
D 182 25 2 21 90 19 9
D 183 25 2 21 91 19 9
D 181 21 3 62 182 53 183 15 9
D 185 9 2 126 38 129 9
D 184 5 2 67 185 68 9
D 186 21 3 62 64 53 21 15 9
D 187 5 2 11 3 2 9
D 188 21 2 16 28 14 32
D 189 5 2 119 135 122 9
D 190 21 2 16 29 14 20
D 191 5 2 82 176 83 9
D 192 21 2 14 64 16 21
D 194 9 2 126 121 129 9
D 193 5 2 119 194 122 9
D 195 5 2 119 125 122 9
D 196 5 2 119 39 122 9
D 0 13 30 1 12 34 42 66 69 81 84 85 87 104 105 116 117 118 123 124 130 132 133 134 138 139 140 145 146 147 148 149 151 152 153 156 157 158 160 166 167 170 171 172 174 175 178 179 181 184 186 187 188 189 190 191 192 193 183 195 29 196 9
