c ids of sdd nodes start at 0
c sdd nodes appear bottom-up, children before parents
c
c file syntax:
c sdd count-of-sdd-nodes
c F id-of-false-sdd-node
c T id-of-true-sdd-node
c L id-of-literal-sdd-node id-of-vtree literal
c D id-of-decomposition-sdd-node id-of-vtree number-of-elements {id-of-prime id-of-sub}*
c
sdd 365
L 1 0 1
L 3 2 2
L 5 4 -3
L 7 6 -4
L 9 10 -6
L 11 12 -7
L 13 16 9
L 15 20 11
L 17 24 -13
L 19 26 -14
L 21 34 18
L 22 36 19
L 23 34 -18
F 24
D 20 35 2 21 22 23 24
L 25 26 14
D 18 27 2 19 20 25 24
L 26 24 13
D 16 25 2 17 18 26 24
L 27 20 -11
L 29 22 -12
L 33 28 15
L 34 28 -15
D 32 29 2 33 20 34 24
D 31 27 2 19 32 25 24
D 30 25 2 17 18 26 31
L 35 22 12
D 28 23 2 29 30 35 18
D 14 21 2 15 16 27 28
L 36 16 -9
D 38 23 2 29 16 35 24
D 40 25 2 26 32 17 20
D 39 23 2 29 40 35 24
D 37 21 2 15 38 27 39
D 12 17 2 13 14 36 37
L 41 12 7
L 44 18 10
L 45 18 -10
D 46 21 2 27 28 15 24
D 43 19 2 44 14 45 46
D 48 21 2 27 39 15 24
D 47 19 2 44 37 45 48
D 42 17 2 13 43 36 47
D 10 13 2 11 12 41 42
L 49 10 6
D 53 23 2 29 30 35 24
D 52 21 2 15 53 27 39
D 51 17 2 13 28 36 52
D 55 19 2 45 46 44 28
D 56 19 2 44 52 45 48
D 54 17 2 13 55 36 56
D 50 13 2 11 51 41 54
D 8 11 2 9 10 49 50
L 57 6 4
D 63 27 2 19 21 25 24
D 62 25 2 17 63 26 24
D 67 29 2 33 21 34 24
D 66 27 2 19 67 25 24
D 65 25 2 17 63 26 66
D 64 23 2 29 65 35 63
D 61 21 2 15 62 27 64
L 72 36 -19
D 71 35 2 21 72 23 24
D 70 25 2 17 71 26 24
D 69 23 2 29 62 35 70
D 74 25 2 26 67 17 21
D 73 23 2 29 74 35 71
D 68 21 2 15 69 27 73
D 60 17 2 13 61 36 68
D 77 21 2 27 64 15 24
D 76 19 2 44 61 45 77
D 79 21 2 27 73 15 24
D 78 19 2 44 68 45 79
D 75 17 2 13 76 36 78
D 59 13 2 11 60 41 75
D 83 23 2 29 65 35 71
D 82 21 2 15 83 27 73
D 81 17 2 13 64 36 82
D 85 19 2 45 77 44 64
D 86 19 2 44 82 45 79
D 84 17 2 13 85 36 86
D 80 13 2 11 81 41 84
D 58 11 2 9 59 49 80
D 6 7 2 7 8 57 58
L 87 4 3
D 94 27 2 19 33 25 24
D 93 25 2 26 94 17 19
D 92 23 2 29 93 35 19
D 98 29 2 34 72 33 24
D 97 27 2 25 98 19 72
D 96 23 2 29 93 35 97
T 102
D 101 27 2 25 34 19 102
D 100 25 2 26 94 17 101
D 99 23 2 29 100 35 97
D 95 21 2 15 96 27 99
D 91 17 2 13 92 36 95
D 105 21 2 27 92 15 24
D 104 19 2 45 105 44 92
D 107 21 2 27 99 15 24
D 106 19 2 44 95 45 107
D 103 17 2 13 104 36 106
D 90 13 2 11 91 41 103
D 111 25 2 17 19 26 24
D 110 21 2 27 92 15 111
D 114 25 2 17 97 26 24
D 113 23 2 35 114 29 111
D 112 21 2 27 99 15 113
D 109 17 2 13 110 36 112
D 116 19 2 45 105 44 110
D 117 19 2 45 107 44 112
D 115 17 2 13 116 36 117
D 108 13 2 11 109 41 115
D 89 11 2 49 90 9 108
D 125 35 2 21 22 23 102
D 124 29 2 33 125 34 24
D 123 27 2 19 124 25 24
D 126 27 2 19 125 25 24
D 122 25 2 26 123 17 126
D 121 23 2 29 122 35 126
D 131 35 2 23 72 21 24
D 130 29 2 34 131 33 24
D 129 27 2 25 130 19 131
D 128 23 2 29 122 35 129
D 135 29 2 34 125 33 24
D 134 27 2 25 135 19 125
D 133 25 2 26 123 17 134
D 132 23 2 29 133 35 129
D 127 21 2 15 128 27 132
D 120 17 2 13 121 36 127
D 138 21 2 27 121 15 24
D 137 19 2 45 138 44 121
D 140 21 2 27 132 15 24
D 139 19 2 44 127 45 140
D 136 17 2 13 137 36 139
D 119 13 2 11 120 41 136
D 144 25 2 17 126 26 24
D 143 21 2 27 121 15 144
D 147 25 2 17 129 26 24
D 146 23 2 35 147 29 144
D 145 21 2 27 132 15 146
D 142 17 2 13 143 36 145
D 149 19 2 45 138 44 143
D 150 19 2 45 140 44 145
D 148 17 2 13 149 36 150
D 141 13 2 11 142 41 148
D 118 11 2 49 119 9 141
D 88 7 2 57 89 7 118
D 4 5 2 5 6 87 88
L 151 2 -2
L 161 30 16
L 162 30 -16
D 160 31 2 161 21 162 24
D 159 27 2 19 160 25 24
D 158 25 2 17 159 26 24
D 166 29 2 33 160 34 24
D 165 27 2 19 166 25 24
D 164 25 2 17 159 26 165
D 163 23 2 29 164 35 159
D 157 21 2 15 158 27 163
D 170 31 2 161 71 162 24
D 169 25 2 17 170 26 24
D 168 23 2 35 169 29 158
D 172 25 2 26 166 17 160
D 171 23 2 29 172 35 170
D 167 21 2 15 168 27 171
D 156 17 2 13 157 36 167
D 175 21 2 27 163 15 24
D 174 19 2 44 157 45 175
D 177 21 2 27 171 15 24
D 176 19 2 44 167 45 177
D 173 17 2 13 174 36 176
D 155 13 2 11 156 41 173
D 181 23 2 29 164 35 170
D 180 21 2 15 181 27 171
D 179 17 2 13 163 36 180
D 183 19 2 45 175 44 163
D 184 19 2 44 180 45 177
D 182 17 2 13 183 36 184
D 178 13 2 11 179 41 182
D 154 11 2 9 155 49 178
D 191 31 2 161 20 162 24
D 190 27 2 19 191 25 24
D 189 25 2 17 190 26 24
D 195 29 2 33 191 34 24
D 194 27 2 19 195 25 24
D 193 25 2 17 190 26 194
D 192 23 2 29 193 35 190
D 188 21 2 15 189 27 192
D 197 23 2 29 189 35 24
D 199 25 2 26 195 17 191
D 198 23 2 29 199 35 24
D 196 21 2 15 197 27 198
D 187 17 2 13 188 36 196
D 202 21 2 27 192 15 24
D 201 19 2 44 188 45 202
D 204 21 2 27 198 15 24
D 203 19 2 44 196 45 204
D 200 17 2 13 201 36 203
D 186 13 2 11 187 41 200
D 208 23 2 29 193 35 24
D 207 21 2 15 208 27 198
D 206 17 2 13 192 36 207
D 210 19 2 45 202 44 192
D 211 19 2 44 207 45 204
D 209 17 2 13 210 36 211
D 205 13 2 11 206 41 209
D 185 11 2 9 186 49 205
D 153 7 2 57 154 7 185
D 220 29 2 33 161 34 24
D 219 27 2 19 220 25 24
D 221 27 2 19 161 25 24
D 218 25 2 26 219 17 221
D 224 31 2 161 72 162 24
D 223 29 2 34 224 33 24
D 222 27 2 25 223 19 224
D 217 23 2 29 218 35 222
D 228 29 2 34 161 33 24
D 227 27 2 25 228 19 161
D 226 25 2 26 219 17 227
D 225 23 2 29 226 35 222
D 216 21 2 15 217 27 225
D 229 23 2 29 218 35 221
D 215 17 2 36 216 13 229
D 232 21 2 27 229 15 24
D 231 19 2 45 232 44 229
D 234 21 2 27 225 15 24
D 233 19 2 44 216 45 234
D 230 17 2 13 231 36 233
D 214 13 2 11 215 41 230
D 238 25 2 17 221 26 24
D 237 21 2 27 229 15 238
D 241 25 2 17 222 26 24
D 240 23 2 29 238 35 241
D 239 21 2 27 225 15 240
D 236 17 2 13 237 36 239
D 243 19 2 45 232 44 237
D 244 19 2 45 234 44 239
D 242 17 2 13 243 36 244
D 235 13 2 11 236 41 242
D 213 11 2 49 214 9 235
D 253 31 2 161 125 162 24
D 252 29 2 33 253 34 24
D 251 27 2 19 252 25 24
D 254 27 2 19 253 25 24
D 250 25 2 26 251 17 254
D 257 31 2 161 131 162 24
D 256 29 2 34 257 33 24
D 255 27 2 25 256 19 257
D 249 23 2 29 250 35 255
D 261 29 2 34 253 33 24
D 260 27 2 25 261 19 253
D 259 25 2 26 251 17 260
D 258 23 2 29 259 35 255
D 248 21 2 15 249 27 258
D 262 23 2 29 250 35 254
D 247 17 2 36 248 13 262
D 265 21 2 27 262 15 24
D 264 19 2 45 265 44 262
D 267 21 2 27 258 15 24
D 266 19 2 44 248 45 267
D 263 17 2 13 264 36 266
D 246 13 2 11 247 41 263
D 271 25 2 17 254 26 24
D 270 21 2 27 262 15 271
D 274 25 2 17 255 26 24
D 273 23 2 35 274 29 271
D 272 21 2 27 258 15 273
D 269 17 2 13 270 36 272
D 276 19 2 45 265 44 270
D 277 19 2 45 267 44 272
D 275 17 2 13 276 36 277
D 268 13 2 11 269 41 275
D 245 11 2 49 246 9 268
D 212 7 2 57 213 7 245
D 152 5 2 5 153 87 212
D 2 3 2 3 4 151 152
L 278 0 -1
D 285 23 2 29 93 35 101
D 286 23 2 29 100 35 101
D 284 21 2 15 285 27 286
D 283 17 2 36 95 13 284
D 289 21 2 27 286 15 24
D 288 19 2 44 284 45 289
D 287 17 2 36 106 13 288
D 282 13 2 11 283 41 287
D 294 25 2 17 101 26 24
D 293 23 2 35 294 29 111
D 292 21 2 27 286 15 293
D 291 17 2 36 112 13 292
D 296 19 2 45 289 44 292
D 295 17 2 36 117 13 296
D 290 13 2 11 291 41 295
D 281 11 2 49 282 9 290
D 301 23 2 29 122 35 134
D 302 23 2 29 133 35 134
D 300 21 2 15 301 27 302
D 299 17 2 36 127 13 300
D 305 21 2 27 302 15 24
D 304 19 2 44 300 45 305
D 303 17 2 36 139 13 304
D 298 13 2 11 299 41 303
D 310 25 2 17 134 26 24
D 309 23 2 35 310 29 144
D 308 21 2 27 302 15 309
D 307 17 2 36 145 13 308
D 312 19 2 45 305 44 308
D 311 17 2 36 150 13 312
D 306 13 2 11 307 41 311
D 297 11 2 49 298 9 306
D 280 7 2 57 281 7 297
D 318 23 2 29 122 35 131
D 320 25 2 26 124 17 125
D 319 23 2 29 320 35 131
D 317 21 2 15 318 27 319
D 322 23 2 29 122 35 125
D 323 23 2 29 320 35 125
D 321 21 2 15 322 27 323
D 316 17 2 36 317 13 321
D 326 21 2 27 319 15 24
D 325 19 2 44 317 45 326
D 328 21 2 27 323 15 24
D 327 19 2 44 321 45 328
D 324 17 2 36 325 13 327
D 315 13 2 11 316 41 324
D 333 25 2 17 131 26 24
D 332 23 2 35 333 29 144
D 331 21 2 27 319 15 332
D 336 25 2 17 125 26 24
D 335 23 2 35 336 29 144
D 334 21 2 27 323 15 335
D 330 17 2 36 331 13 334
D 338 19 2 45 326 44 331
D 339 19 2 45 328 44 334
D 337 17 2 36 338 13 339
D 329 13 2 11 330 41 337
D 314 11 2 49 315 9 329
D 344 23 2 29 93 35 102
D 346 25 2 26 33 17 102
D 345 23 2 29 346 35 102
D 343 21 2 15 344 27 345
D 348 23 2 29 93 35 72
D 349 23 2 29 346 35 72
D 347 21 2 15 348 27 349
D 342 17 2 13 343 36 347
D 352 21 2 27 345 15 24
D 351 19 2 44 343 45 352
D 354 21 2 27 349 15 24
D 353 19 2 44 347 45 354
D 350 17 2 13 351 36 353
D 341 13 2 11 342 41 350
D 358 23 2 29 111 35 17
D 357 21 2 15 358 27 345
D 361 25 2 17 72 26 24
D 360 23 2 35 361 29 111
D 359 21 2 27 349 15 360
D 356 17 2 13 357 36 359
D 363 19 2 44 357 45 352
D 364 19 2 45 354 44 359
D 362 17 2 13 363 36 364
D 355 13 2 11 356 41 362
D 340 11 2 49 341 9 355
D 313 7 2 7 314 57 340
D 279 5 2 87 280 5 313
D 0 1 2 1 2 278 279
