c ids of sdd nodes start at 0
c sdd nodes appear bottom-up, children before parents
c
c file syntax:
c sdd count-of-sdd-nodes
c F id-of-false-sdd-node
c T id-of-true-sdd-node
c L id-of-literal-sdd-node id-of-vtree literal
c D id-of-decomposition-sdd-node id-of-vtree number-of-elements {id-of-prime id-of-sub}*
c
sdd 119
L 3 0 -1
L 5 2 -2
L 6 4 -3
L 7 2 2
F 8
D 4 3 2 5 6 7 8
L 9 0 1
D 2 1 2 3 4 9 8
L 11 8 -5
L 13 10 6
L 14 12 -7
L 15 10 -6
D 12 11 2 13 14 15 8
L 16 8 5
D 10 9 2 11 12 16 8
L 19 4 3
T 20
D 18 3 2 5 19 7 20
D 17 1 2 3 18 9 20
D 1 5 2 2 10 17 8
L 23 16 -9
L 24 20 11
L 25 16 9
D 22 17 2 23 24 25 8
L 27 22 -12
L 29 26 -14
L 30 28 -15
L 31 26 14
D 28 27 2 29 30 31 8
L 32 22 12
D 26 25 2 27 28 32 8
D 33 17 2 25 24 23 8
D 34 25 2 27 29 32 8
L 35 20 -11
D 21 21 3 22 26 33 34 35 8
L 39 6 4
L 40 6 -4
D 38 7 2 39 11 40 8
L 42 12 7
D 41 11 2 13 42 15 8
D 43 7 2 39 16 40 20
D 37 9 2 38 41 43 8
D 36 5 2 2 37 17 8
D 45 25 2 27 30 32 8
D 44 21 3 22 45 33 27 35 8
D 48 3 2 7 19 5 8
D 47 1 2 3 48 9 8
D 50 7 2 40 11 39 20
D 51 11 2 15 14 13 8
D 52 7 2 40 16 39 8
D 49 9 2 50 51 52 8
D 54 3 2 7 6 5 20
D 53 1 2 3 54 9 20
D 46 5 2 47 49 53 8
L 58 24 -13
D 57 23 2 32 58 27 8
L 60 24 13
D 59 23 2 32 60 27 20
D 56 25 2 57 31 59 8
D 61 25 2 32 31 27 8
D 55 21 2 35 56 24 61
D 63 9 2 50 13 52 8
D 65 3 2 5 19 7 8
D 64 1 2 3 65 9 8
D 66 9 2 40 41 39 8
D 67 1 2 3 6 9 20
D 62 5 3 47 63 64 66 67 8
D 69 17 2 23 35 25 8
D 70 25 2 57 30 59 8
D 71 25 2 32 30 27 8
D 72 17 2 25 35 23 8
D 68 21 4 69 70 22 71 72 57 33 32
D 75 3 2 5 6 7 20
D 74 1 2 3 75 9 20
D 73 5 2 64 12 74 8
D 77 25 2 58 28 60 8
D 78 25 2 58 29 60 8
D 76 21 4 69 77 22 28 72 78 33 29
D 80 9 2 39 41 40 8
D 79 5 2 64 80 74 8
D 82 25 2 58 30 60 8
D 81 21 4 69 82 22 30 72 58 33 20
D 84 1 2 9 5 3 8
D 85 1 2 9 7 3 8
D 87 7 2 40 11 39 8
D 88 7 2 40 16 39 20
D 86 9 2 87 41 88 8
D 83 5 3 84 66 85 86 3 8
D 89 21 2 23 71 25 32
D 91 1 2 9 7 3 20
D 90 5 2 84 12 91 8
D 92 21 2 23 28 25 29
D 95 11 2 15 42 13 8
D 94 9 2 50 95 52 8
D 96 9 2 40 95 39 8
D 93 5 3 47 94 64 96 67 8
D 97 21 2 35 57 24 32
D 99 9 2 38 95 43 8
D 98 5 2 2 99 17 8
D 100 21 2 24 27 35 8
D 102 9 2 39 95 40 8
D 101 5 2 64 102 74 8
D 103 21 2 35 58 24 20
D 105 9 3 87 12 39 13 52 8
D 104 5 3 85 105 84 80 3 8
D 106 21 2 23 30 25 20
D 108 1 2 9 5 3 20
D 107 5 2 85 49 108 8
D 110 9 2 87 95 88 8
D 109 5 3 84 96 85 110 3 8
D 111 5 2 9 102 3 8
D 114 11 2 13 42 15 20
D 113 9 3 87 114 38 51 16 20
D 115 1 2 3 65 9 5
D 116 1 2 3 48 9 7
D 118 3 2 7 6 5 8
D 117 1 2 3 118 9 8
D 112 5 4 2 113 115 51 116 52 117 20
D 0 13 16 1 21 36 44 46 55 62 68 73 76 79 81 83 89 90 92 93 97 98 100 101 103 104 106 107 31 109 32 111 20 112 8
