c ids of sdd nodes start at 0
c sdd nodes appear bottom-up, children before parents
c
c file syntax:
c sdd count-of-sdd-nodes
c F id-of-false-sdd-node
c T id-of-true-sdd-node
c L id-of-literal-sdd-node id-of-vtree literal
c D id-of-decomposition-sdd-node id-of-vtree number-of-elements {id-of-prime id-of-sub}*
c
sdd 82
L 3 0 -1
L 4 2 -2
L 5 0 1
F 6
D 2 1 2 3 4 5 6
L 8 4 -3
L 10 6 -4
L 11 8 -5
L 12 6 4
D 9 7 2 10 11 12 6
L 13 4 3
D 7 5 2 8 9 13 6
L 15 2 2
T 16
D 14 1 2 3 15 5 16
D 1 3 2 2 7 14 6
L 18 12 -7
L 20 14 8
L 22 16 -9
L 23 18 10
L 24 16 9
D 21 17 2 22 23 24 6
L 25 14 -8
D 19 15 2 20 21 25 6
L 27 10 6
L 28 12 7
L 29 10 -6
D 26 11 2 27 28 29 6
D 30 11 2 29 28 27 6
D 17 13 3 18 19 26 21 30 6
L 34 8 5
D 33 7 2 10 34 12 6
D 32 5 2 13 33 8 6
D 31 3 2 2 32 14 6
D 36 11 2 29 18 27 16
D 37 17 2 24 23 22 6
D 35 13 2 36 37 30 6
D 39 5 2 13 9 8 6
D 38 3 2 2 39 14 6
D 41 15 2 25 37 20 23
D 40 13 3 18 41 26 23 30 6
D 43 1 2 5 4 3 6
D 44 5 2 8 10 13 6
D 45 1 2 5 15 3 16
D 42 3 2 43 44 45 6
L 48 18 -10
D 47 17 2 24 48 22 16
D 46 13 3 18 19 26 47 30 6
D 50 5 2 13 10 8 6
D 49 3 2 43 50 45 6
D 51 13 3 18 41 26 16 30 6
D 53 1 2 5 15 3 6
D 54 1 2 3 15 5 6
D 52 3 3 53 44 54 7 4 6
D 56 11 2 27 18 29 6
D 58 17 2 24 48 22 6
D 57 15 2 25 58 20 47
D 55 13 3 56 57 26 47 29 6
D 59 3 3 53 50 54 39 4 6
D 61 15 2 25 24 20 16
D 60 13 3 56 61 26 16 29 6
D 63 5 2 8 33 13 6
D 64 1 2 3 4 5 16
D 62 3 2 54 63 64 6
D 65 13 2 27 58 29 6
D 66 3 2 54 32 64 6
D 67 13 2 27 24 29 6
D 69 5 2 8 12 13 6
D 71 7 2 12 11 10 6
D 70 5 2 8 71 13 6
D 68 3 4 43 69 2 70 54 71 53 12
D 72 13 2 18 19 28 21
D 74 5 2 13 71 8 6
D 75 5 2 13 12 8 6
D 73 3 3 2 74 43 75 15 6
D 76 13 2 18 41 28 23
D 79 7 2 12 34 10 6
D 78 5 2 13 79 8 6
D 77 3 2 2 78 14 6
D 81 5 2 8 34 13 6
D 80 3 3 2 81 54 79 5 6
D 0 9 13 1 17 31 35 38 40 42 46 49 51 52 55 59 60 62 65 66 67 68 72 73 76 77 37 80 6
