c ids of sdd nodes start at 0
c sdd nodes appear bottom-up, children before parents
c
c file syntax:
c sdd count-of-sdd-nodes
c F id-of-false-sdd-node
c T id-of-true-sdd-node
c L id-of-literal-sdd-node id-of-vtree literal
c D id-of-decomposition-sdd-node id-of-vtree number-of-elements {id-of-prime id-of-sub}*
c
sdd 130
L 3 0 1
L 5 2 2
L 6 4 -3
L 7 2 -2
F 8
D 4 3 2 5 6 7 8
L 9 0 -1
D 2 1 2 3 4 9 8
L 12 6 4
L 13 8 5
L 14 6 -4
D 11 7 2 12 13 14 8
L 16 10 -6
L 17 12 -7
L 18 10 6
D 15 11 2 16 17 18 8
L 20 8 -5
T 21
D 19 7 2 12 20 14 21
D 10 9 2 11 15 19 8
D 23 3 2 7 6 5 8
D 22 1 2 3 23 9 8
D 24 9 2 11 16 19 8
L 26 4 3
D 25 1 2 3 26 9 21
D 1 5 3 2 10 22 24 25 8
L 30 14 8
L 31 16 9
L 32 14 -8
D 29 15 2 30 31 32 8
L 33 20 -11
L 35 16 -9
D 34 15 2 30 35 32 21
D 28 17 2 29 33 34 8
L 37 24 -13
L 39 26 14
L 40 28 15
L 41 26 -14
D 38 27 2 39 40 41 21
L 42 24 13
D 36 25 2 37 38 42 8
D 44 15 2 32 35 30 8
L 46 18 10
L 47 18 -10
D 45 19 2 46 33 47 8
D 48 15 2 30 35 32 8
D 43 17 3 44 45 48 33 31 8
D 50 27 2 39 40 41 8
D 49 25 2 37 50 42 8
L 52 20 11
D 53 15 2 30 31 32 21
D 51 17 2 48 52 53 8
D 54 25 2 37 39 42 8
D 56 15 2 32 31 30 8
D 57 15 2 32 35 30 21
D 55 17 2 56 45 57 8
L 60 28 -15
D 59 27 2 41 60 39 8
D 58 25 2 37 59 42 8
D 61 17 2 29 52 34 8
D 63 19 2 46 52 47 21
D 62 17 2 32 63 30 8
D 27 21 6 28 36 43 49 51 54 55 58 61 37 62 8
D 66 7 2 12 20 14 8
D 67 7 2 12 13 14 21
D 65 9 2 66 15 67 8
D 68 9 2 66 16 67 8
D 64 5 3 2 65 22 68 25 8
D 70 25 2 37 60 42 8
D 71 17 3 32 45 48 33 29 8
D 69 21 5 28 36 51 70 71 58 61 37 62 8
L 75 12 7
D 74 11 2 16 75 18 21
D 73 9 2 12 74 14 8
D 76 9 2 12 18 14 8
D 72 5 3 2 73 22 76 25 8
D 78 17 3 56 63 35 21 29 8
D 77 21 4 28 36 55 58 61 37 78 8
D 81 3 2 7 26 5 8
D 80 1 2 3 81 9 8
D 83 7 2 14 13 12 8
D 84 7 2 14 20 12 21
D 82 9 2 83 18 84 8
D 85 9 2 83 17 84 8
D 87 3 2 5 26 7 8
D 86 1 2 3 87 9 8
D 89 11 2 18 17 16 8
D 88 9 2 83 89 84 8
D 79 5 5 80 82 2 85 86 88 22 83 9 8
D 90 21 6 28 38 43 50 55 59 51 39 61 21 62 8
D 93 7 2 14 20 12 8
D 92 9 3 66 15 93 17 13 8
D 94 9 3 66 16 93 21 13 8
D 96 7 2 14 13 12 21
D 95 9 2 93 17 96 8
D 91 5 5 86 92 80 94 2 95 22 93 9 8
D 97 21 5 28 38 71 59 51 60 61 21 62 8
D 100 11 2 18 75 16 8
D 99 9 4 66 74 83 100 93 75 11 18
D 101 9 2 14 75 12 8
D 102 1 2 3 23 9 21
D 98 5 4 86 99 2 101 80 76 102 8
D 103 21 4 28 38 55 59 61 21 78 8
D 105 1 2 9 4 3 8
D 106 1 2 9 23 3 8
D 107 1 2 9 26 3 21
D 104 5 3 105 10 106 24 107 8
D 109 17 2 35 33 31 8
D 110 17 2 35 52 31 8
D 111 17 2 56 52 57 8
D 112 17 2 56 33 57 8
D 108 21 6 28 36 109 49 110 54 111 70 112 58 61 37
D 113 5 3 105 65 106 68 107 8
D 115 17 2 34 52 29 8
D 116 17 2 34 33 29 8
D 114 21 4 28 36 115 70 116 58 61 37
D 117 5 3 105 73 106 76 107 8
D 118 21 5 28 36 111 70 112 58 61 37 35 8
D 120 1 2 9 81 3 8
D 121 1 2 9 87 3 8
D 119 5 5 120 82 105 85 121 88 106 83 3 8
D 122 21 6 28 38 109 50 112 59 111 60 110 39 61 21
D 123 5 5 121 92 120 94 105 95 106 93 3 8
D 124 21 4 28 38 116 59 115 60 61 21
D 126 1 2 9 23 3 21
D 125 5 4 121 99 105 101 120 76 126 8
D 127 21 5 28 38 112 59 111 60 61 21 35 8
D 129 9 2 13 16 20 8
D 128 5 2 26 129 6 8
D 0 13 13 1 27 64 69 72 77 79 90 91 97 98 103 104 108 113 114 117 118 119 122 123 124 125 127 128 8
