c ids of sdd nodes start at 0
c sdd nodes appear bottom-up, children before parents
c
c file syntax:
c sdd count-of-sdd-nodes
c F id-of-false-sdd-node
c T id-of-true-sdd-node
c L id-of-literal-sdd-node id-of-vtree literal
c D id-of-decomposition-sdd-node id-of-vtree number-of-elements {id-of-prime id-of-sub}*
c
sdd 71
L 3 0 -1
L 4 2 2
L 5 0 1
F 6
D 2 1 2 3 4 5 6
L 8 4 3
L 9 6 4
L 10 4 -3
D 7 5 2 8 9 10 6
L 12 2 -2
T 13
D 11 1 2 3 12 5 13
D 1 3 2 2 7 11 6
L 15 12 7
L 17 14 -8
L 19 16 9
L 20 18 10
L 21 16 -9
D 18 17 2 19 20 21 6
L 22 14 8
D 16 15 2 17 18 22 6
L 23 12 -7
D 14 13 2 15 16 23 6
D 25 1 2 5 4 3 6
L 28 6 -4
L 29 8 -5
D 27 7 2 28 29 9 6
D 26 5 2 8 27 10 6
D 30 1 2 5 12 3 13
D 24 3 2 25 26 30 6
L 33 10 -6
L 34 10 6
D 32 11 2 33 23 34 6
L 37 18 -10
D 36 17 2 21 37 19 13
D 38 17 2 21 37 19 6
D 35 15 2 17 36 22 38
D 39 11 2 34 23 33 6
D 31 13 3 32 35 39 38 15 6
D 41 1 2 5 12 3 6
L 44 8 5
D 43 7 2 28 44 9 6
D 42 5 2 8 43 10 6
D 45 1 2 3 12 5 6
D 40 3 3 41 42 45 8 4 6
D 47 15 2 22 38 17 37
D 46 13 2 15 47 23 6
D 49 1 2 5 4 3 13
D 48 3 2 41 26 49 6
D 51 15 2 22 21 17 13
D 50 13 3 15 47 32 51 39 21
D 53 5 2 10 27 8 6
D 52 3 2 25 53 30 6
D 54 13 3 32 36 39 38 15 6
D 56 5 2 10 9 8 6
D 55 3 2 25 56 30 6
D 57 13 3 32 36 39 38 15 18
D 58 3 2 2 56 11 6
D 59 13 2 15 18 23 6
D 60 3 2 41 56 49 6
D 62 11 2 34 15 33 13
D 61 13 2 39 38 62 37
D 63 3 2 41 53 49 6
D 64 13 3 15 37 39 21 32 13
D 66 5 2 10 43 8 6
D 65 3 3 41 66 45 10 4 6
D 67 13 2 15 37 23 6
D 70 7 2 28 44 9 13
D 69 5 2 8 70 10 43
D 68 3 4 25 69 41 7 2 28 45 6
D 0 9 11 1 14 24 31 40 46 48 50 52 54 55 57 58 59 60 61 63 64 65 67 68 6
