c ids of sdd nodes start at 0
c sdd nodes appear bottom-up, children before parents
c
c file syntax:
c sdd count-of-sdd-nodes
c F id-of-false-sdd-node
c T id-of-true-sdd-node
c L id-of-literal-sdd-node id-of-vtree literal
c D id-of-decomposition-sdd-node id-of-vtree number-of-elements {id-of-prime id-of-sub}*
c
sdd 189
L 3 0 -1
L 4 4 3
L 5 0 1
F 6
D 2 1 2 3 4 5 6
L 9 6 -4
L 10 8 5
L 11 6 4
D 8 7 2 9 10 11 6
L 12 10 -6
L 14 8 -5
T 15
D 13 7 2 9 14 11 15
D 7 9 2 8 12 13 6
L 17 4 -3
D 16 1 2 3 17 5 15
D 1 5 2 2 7 16 6
L 21 14 -8
L 22 16 -9
L 23 14 8
D 20 15 2 21 22 23 6
L 24 20 -11
L 26 16 9
D 25 15 2 21 26 23 15
D 19 17 2 20 24 25 6
L 29 22 -12
L 30 24 13
L 31 22 12
D 28 23 2 29 30 31 6
L 33 26 14
L 34 28 -15
L 35 26 -14
D 32 27 2 33 34 35 6
L 37 24 -13
D 36 23 2 29 37 31 6
D 27 25 3 28 32 36 34 31 6
L 39 20 11
D 38 17 2 20 39 25 6
D 40 25 2 29 34 31 6
D 41 15 2 23 22 21 6
D 43 27 2 35 34 33 6
D 44 23 2 29 30 31 15
D 42 25 2 36 43 44 6
D 18 21 4 19 27 38 40 41 42 26 6
L 48 2 -2
L 49 2 2
D 47 3 2 48 17 49 6
D 46 1 2 3 47 5 6
D 51 3 2 48 4 49 15
D 50 1 2 3 51 5 15
D 45 5 2 46 7 50 6
L 55 18 10
L 56 18 -10
D 54 19 2 55 24 56 6
D 53 17 2 20 54 25 6
D 58 23 2 29 37 31 15
D 57 25 2 28 32 58 6
D 60 19 2 55 39 56 6
D 59 17 2 20 60 25 6
D 61 25 2 28 34 58 6
D 63 19 2 56 24 55 6
D 62 17 2 20 63 25 6
D 65 19 2 56 39 55 6
D 64 17 2 20 65 25 6
D 67 15 2 23 26 21 15
D 66 17 2 41 56 67 6
D 68 17 3 41 55 26 15 20 6
D 52 21 6 53 57 59 61 62 27 64 40 66 42 68 6
D 71 3 2 49 17 48 6
D 70 1 2 3 71 5 6
D 73 3 2 49 4 48 15
D 72 1 2 3 73 5 15
D 69 5 2 70 7 72 6
D 75 17 3 20 63 41 56 26 6
D 76 25 2 28 43 58 6
D 77 25 2 29 43 31 6
D 78 17 3 20 54 41 55 26 15
D 74 21 4 75 42 59 76 64 77 78 6
D 81 7 2 9 14 11 6
D 82 7 2 9 10 11 15
D 80 9 2 81 12 82 6
D 79 5 2 2 80 16 6
D 84 17 2 21 24 23 6
D 85 17 2 21 39 23 6
D 87 15 2 23 26 21 6
D 86 17 3 87 24 41 15 21 6
D 89 15 2 23 22 21 15
D 88 17 2 87 39 89 6
D 83 21 4 84 27 85 40 86 42 88 77
D 92 3 2 49 4 48 6
D 91 1 2 3 92 5 6
L 94 10 6
D 93 9 2 9 94 11 6
D 96 3 2 49 17 48 15
D 95 1 2 3 96 5 15
D 90 5 2 91 93 95 6
D 98 25 3 28 33 36 15 31 6
D 99 25 2 36 35 44 6
D 100 25 2 29 35 31 6
D 97 21 4 84 98 86 99 88 100 85 29
D 101 5 2 46 80 50 6
D 103 17 2 21 54 23 6
D 104 17 2 21 60 23 6
D 105 17 2 21 63 23 6
D 106 17 2 21 65 23 6
D 107 17 3 87 63 41 56 21 6
D 108 17 2 87 60 89 6
D 109 17 2 87 65 89 6
D 110 17 3 87 54 41 55 21 6
D 102 21 8 103 57 104 61 105 27 106 40 107 42 108 76 109 77 110 6
D 111 5 2 70 80 72 6
D 113 17 2 67 63 41 56
D 114 17 2 67 60 41 6
D 115 17 2 67 65 41 6
D 116 17 2 67 54 41 55
D 112 21 4 113 42 114 76 115 77 116 6
D 117 5 2 70 93 72 6
D 119 25 2 28 35 58 6
D 118 21 4 114 119 113 99 115 100 116 6
D 122 7 2 11 10 9 6
D 123 7 2 11 14 9 15
D 121 9 2 122 12 123 6
D 120 5 2 2 121 16 6
D 125 25 2 37 35 30 6
D 126 25 2 30 33 37 15
D 124 21 4 41 125 19 126 38 15 26 6
D 127 5 2 46 121 50 6
D 129 25 2 30 33 37 6
D 128 21 6 66 125 53 129 62 126 59 30 64 15 68 6
D 131 1 2 5 47 3 6
D 132 1 2 5 51 3 15
D 130 5 2 131 7 132 6
D 134 25 2 37 34 30 6
D 135 25 2 30 32 37 6
D 136 25 2 30 34 37 6
D 137 25 2 30 32 37 34
D 133 21 6 66 134 53 135 59 136 62 137 64 34 68 6
D 138 5 2 131 121 132 6
D 139 21 6 53 129 62 126 66 37 59 30 64 15 68 6
D 142 3 2 48 4 49 6
D 141 1 2 3 142 5 6
D 144 7 2 11 14 9 6
D 145 7 2 11 10 9 15
D 143 9 2 144 12 145 6
D 146 9 3 122 94 144 15 9 6
D 140 5 3 141 143 91 146 16 6
D 147 21 4 86 125 84 126 88 35 85 15
D 148 5 2 46 143 50 6
D 150 25 2 30 35 37 6
D 149 21 8 108 150 107 125 103 129 105 126 109 35 104 30 106 15 110 6
D 152 1 2 5 71 3 6
D 153 9 2 9 12 11 6
D 154 1 2 5 73 3 15
D 151 5 2 152 153 154 6
D 156 25 2 37 43 30 6
D 157 25 2 30 43 37 6
D 155 21 4 75 156 59 157 64 43 78 6
D 159 9 2 9 94 11 15
D 158 5 3 70 121 152 159 73 6
D 160 21 4 59 150 75 125 64 35 78 6
D 161 5 2 70 146 72 6
D 162 21 4 114 150 113 125 115 35 116 6
D 163 5 2 131 80 132 6
D 165 17 2 67 54 41 6
D 166 17 2 67 63 41 6
D 167 17 2 41 55 67 6
D 164 21 6 66 134 165 135 114 136 166 137 115 34 167 6
D 169 9 2 145 94 144 15
D 168 5 2 131 169 132 6
D 170 21 6 165 129 166 126 66 37 114 30 115 15 167 6
D 172 1 2 5 142 3 6
D 173 1 2 5 92 3 6
D 174 1 2 5 17 3 15
D 171 5 3 172 7 173 153 174 6
D 175 21 4 41 134 19 137 38 34 26 6
D 176 5 3 172 121 173 159 174 6
D 177 21 4 19 126 41 37 38 15 26 6
D 180 3 2 48 17 49 15
D 179 1 2 5 180 3 15
D 178 5 2 172 80 179 6
D 182 17 2 67 24 41 6
D 183 17 2 67 39 41 6
D 181 21 3 41 134 182 137 183 34
D 184 5 2 172 169 179 6
D 185 21 3 182 126 41 37 183 15
D 187 1 2 3 48 5 6
D 188 1 2 3 49 5 15
D 186 5 2 187 94 188 6
D 0 13 24 1 18 45 52 69 74 79 83 90 97 101 102 111 112 117 118 120 124 127 128 130 133 138 139 140 147 148 149 151 155 158 160 161 162 163 164 168 170 171 175 176 177 178 181 184 185 186 6
