c ids of sdd nodes start at 0
c sdd nodes appear bottom-up, children before parents
c
c file syntax:
c sdd count-of-sdd-nodes
c F id-of-false-sdd-node
c T id-of-true-sdd-node
c L id-of-literal-sdd-node id-of-vtree literal
c D id-of-decomposition-sdd-node id-of-vtree number-of-elements {id-of-prime id-of-sub}*
c
sdd 72
L 3 0 -1
L 4 2 2
L 5 0 1
F 6
D 2 1 2 3 4 5 6
L 8 4 3
L 9 8 5
L 10 4 -3
D 7 5 2 8 9 10 6
L 12 2 -2
T 13
D 11 1 2 3 12 5 13
D 1 3 2 2 7 11 6
L 15 12 -7
L 17 16 9
L 18 18 10
L 19 16 -9
D 16 17 2 17 18 19 6
L 21 10 -6
L 22 12 7
L 23 10 6
D 20 11 2 21 22 23 6
L 24 18 -10
D 25 11 2 23 22 21 6
D 14 13 3 15 16 20 24 25 6
D 27 1 2 5 4 3 6
D 28 1 2 5 12 3 13
D 26 3 2 27 7 28 6
D 30 17 2 19 24 17 18
D 29 13 3 15 30 20 24 25 6
L 34 6 -4
L 35 8 -5
L 36 6 4
D 33 7 2 34 35 36 6
D 32 5 2 10 33 8 6
D 31 3 2 2 32 11 6
D 37 13 3 15 16 25 24 20 6
D 39 5 2 8 33 10 6
D 38 3 2 2 39 11 6
D 40 13 2 15 16 22 24
D 43 7 2 36 35 34 6
D 44 7 2 34 9 36 13
D 42 5 2 8 43 10 44
D 45 7 2 34 9 36 6
D 41 3 3 2 42 12 45 27 6
D 46 13 2 15 16 22 6
D 48 1 2 5 12 3 6
D 50 7 2 36 9 34 6
D 49 5 2 8 50 10 6
D 51 1 2 5 4 3 13
D 47 3 2 48 49 51 6
D 53 17 2 19 18 17 6
D 52 13 3 20 53 15 18 25 6
D 55 5 2 10 50 8 6
D 56 1 2 3 12 5 6
D 54 3 3 48 55 56 36 4 6
D 57 13 2 15 18 22 6
D 58 3 2 27 32 28 6
D 59 13 3 15 30 25 24 20 6
D 60 3 2 27 42 28 6
D 61 13 2 15 30 22 6
D 62 3 2 27 39 28 6
D 63 13 2 15 30 22 24
D 64 3 2 12 32 4 6
D 66 17 2 17 24 19 6
D 65 13 3 15 16 25 66 20 6
D 67 3 2 12 39 4 6
D 68 13 2 15 16 22 66
D 69 3 2 48 43 51 6
D 71 17 2 17 18 19 13
D 70 13 2 15 71 22 6
D 0 9 13 1 14 26 29 31 37 38 40 41 46 47 52 54 57 58 59 60 61 62 63 64 65 67 68 69 70
