c ids of sdd nodes start at 0
c sdd nodes appear bottom-up, children before parents
c
c file syntax:
c sdd count-of-sdd-nodes
c F id-of-false-sdd-node
c T id-of-true-sdd-node
c L id-of-literal-sdd-node id-of-vtree literal
c D id-of-decomposition-sdd-node id-of-vtree number-of-elements {id-of-prime id-of-sub}*
c
sdd 201
L 3 2 -2
L 4 4 -3
L 5 2 2
F 6
D 2 3 2 3 4 5 6
L 9 6 -4
L 10 8 -5
L 11 6 4
D 8 7 2 9 10 11 6
L 12 12 7
L 14 8 5
T 15
D 13 7 2 9 14 11 15
D 7 9 2 8 12 13 6
L 17 4 3
D 16 3 2 3 17 5 15
D 1 5 2 2 7 16 6
L 20 14 -8
L 22 18 -10
L 23 20 11
L 24 18 10
D 21 19 2 22 23 24 6
L 25 14 8
D 19 17 2 20 21 25 23
L 28 22 12
L 29 24 13
L 30 22 -12
D 27 23 2 28 29 30 6
L 32 26 -14
L 33 28 15
L 34 26 14
D 31 27 2 32 33 34 15
L 36 24 -13
D 35 23 2 28 36 30 15
D 26 25 2 27 31 35 6
L 39 20 -11
D 38 19 2 22 39 24 6
D 37 17 2 20 38 25 39
D 41 27 2 32 33 34 6
D 40 25 2 27 41 35 6
D 42 17 2 20 24 25 6
D 18 21 3 19 26 37 40 42 6
L 46 10 -6
L 47 12 -7
L 48 10 6
D 45 11 2 46 47 48 6
D 44 9 2 10 45 14 6
D 43 5 2 2 44 16 6
D 50 17 2 25 21 20 6
D 51 17 2 25 38 20 6
D 52 17 2 25 24 20 15
D 49 21 3 50 26 51 40 52 6
D 54 3 2 3 17 5 6
D 55 3 2 3 4 5 15
D 53 5 2 54 44 55 6
D 58 23 2 28 36 30 6
D 57 25 3 58 31 27 41 30 6
D 59 25 2 28 31 30 6
D 56 21 3 51 57 50 59 52 6
D 62 11 2 48 47 46 6
D 61 9 2 10 62 14 6
D 60 5 2 2 61 16 6
D 64 17 2 25 23 20 6
D 65 17 2 25 39 20 6
D 63 21 3 64 26 65 40 20 6
D 68 7 2 11 10 9 6
D 69 7 2 11 14 9 15
D 67 9 2 68 12 69 6
D 66 5 2 2 67 16 6
D 70 21 2 23 26 39 40
L 73 0 -1
L 74 0 1
D 72 1 2 73 5 74 6
D 75 9 2 8 62 13 6
D 76 1 2 73 3 74 15
D 71 5 2 72 75 76 6
D 78 17 2 20 21 25 6
D 79 25 2 30 31 28 6
D 80 17 2 20 38 25 6
D 82 23 2 30 36 28 6
D 83 23 2 30 29 28 6
D 81 25 3 82 31 83 41 28 6
D 84 25 2 36 31 29 41
D 77 21 5 78 79 80 81 65 84 64 31 42 6
D 86 1 2 74 5 73 6
D 88 11 2 48 12 46 6
D 87 9 2 8 88 13 6
D 89 1 2 73 55 74 2
D 85 5 3 86 87 54 7 89 6
D 90 21 3 37 57 19 59 42 6
D 93 11 2 46 12 48 6
D 92 9 2 8 93 13 6
D 91 5 3 86 92 72 7 3 6
D 94 21 3 37 84 19 31 42 6
D 95 5 2 5 44 3 6
D 96 21 5 78 79 80 81 51 84 50 31 24 6
D 98 1 2 74 16 73 54
D 97 5 2 98 61 89 6
D 99 21 3 65 57 64 59 20 6
D 101 9 2 68 62 69 6
D 100 5 2 72 101 76 6
D 103 17 2 20 23 25 6
D 104 17 2 20 39 25 6
D 102 21 4 103 79 104 81 65 84 64 31
D 106 9 2 68 88 69 6
D 105 5 3 86 106 54 67 89 6
D 107 21 2 39 57 23 59
D 109 9 2 68 93 69 6
D 108 5 3 86 109 72 67 3 6
D 110 21 2 39 84 23 31
D 113 7 2 11 14 9 6
D 114 7 2 11 10 9 15
D 112 9 2 113 45 114 6
D 111 5 2 2 112 16 6
L 117 16 -9
L 118 16 9
D 116 17 2 117 38 118 6
D 120 23 2 30 36 28 15
D 119 25 2 83 32 120 6
D 121 17 2 117 21 118 6
D 122 17 2 117 24 118 15
D 115 21 3 116 119 121 83 122 6
D 123 5 2 16 112 2 6
D 125 25 3 83 32 82 15 28 6
D 124 21 3 116 125 121 30 122 6
D 127 9 2 113 93 114 6
D 126 5 2 2 127 16 6
D 129 17 2 117 39 118 6
D 130 17 2 117 23 118 6
D 128 21 3 129 119 130 83 118 6
D 131 5 2 16 127 2 6
D 132 21 3 129 125 130 30 118 6
D 135 7 2 9 14 11 6
D 136 7 2 9 10 11 15
D 134 9 2 135 93 136 6
D 133 5 2 2 134 16 6
D 137 21 3 37 119 19 83 42 6
D 138 5 2 16 134 2 6
D 139 21 3 37 125 19 30 42 6
D 141 9 2 135 45 136 6
D 140 5 2 2 141 16 6
D 142 21 3 38 119 21 83 24 6
D 143 5 2 16 141 2 6
D 144 21 3 38 125 21 30 24 6
D 146 1 2 74 2 73 6
D 147 9 2 113 62 114 6
D 148 1 2 74 16 73 15
D 145 5 2 146 147 148 6
D 151 15 2 25 117 20 6
D 152 15 2 25 118 20 15
D 150 17 2 151 39 152 6
D 153 25 2 27 32 35 6
D 154 17 2 151 23 152 6
D 149 21 3 150 153 154 27 152 6
D 156 1 2 73 2 74 6
D 157 1 2 73 16 74 15
D 155 5 2 156 147 157 6
D 160 15 2 20 117 25 6
D 161 15 2 20 118 25 15
D 159 17 2 160 39 161 6
D 162 17 2 160 23 161 6
D 163 25 2 29 32 36 6
D 158 21 5 159 119 162 83 150 163 154 29 118 6
D 165 1 2 74 16 73 6
D 166 1 2 74 2 73 15
D 164 5 2 165 147 166 6
D 168 25 3 27 32 58 15 30 6
D 167 21 3 150 168 154 28 152 6
D 170 1 2 73 16 74 6
D 171 1 2 73 2 74 15
D 169 5 2 170 147 171 6
D 173 25 2 29 32 36 15
D 172 21 5 159 125 150 173 162 30 154 15 118 6
D 175 9 2 113 88 114 6
D 174 5 2 146 175 148 6
D 176 21 3 129 153 130 27 118 6
D 177 5 2 156 175 157 6
D 178 21 3 129 163 130 29 118 6
D 179 5 2 165 175 166 6
D 180 21 3 129 168 130 28 118 6
D 181 5 2 170 175 171 6
D 182 21 3 129 173 130 15 118 6
D 184 9 2 135 62 136 6
D 183 5 2 156 184 157 6
D 185 21 5 80 119 78 83 65 163 64 29 42 6
D 186 5 2 170 184 171 6
D 187 21 5 80 125 65 173 78 30 64 15 42 6
D 189 9 2 135 88 136 6
D 188 5 2 146 189 148 6
D 190 21 3 37 153 19 27 42 6
D 191 5 2 156 189 157 6
D 192 21 3 37 163 19 29 42 6
D 193 5 2 165 189 166 6
D 194 21 3 37 168 19 28 42 6
D 195 5 2 170 189 171 6
D 196 21 3 37 173 19 15 42 6
D 197 5 2 146 184 148 6
D 198 21 3 65 153 64 27 20 6
D 199 5 2 165 184 166 6
D 200 21 3 65 168 64 28 20 6
D 0 13 37 1 18 43 49 53 56 60 63 66 70 71 77 85 90 91 94 95 96 97 99 100 102 105 107 108 110 111 115 123 124 126 128 131 132 133 137 138 139 140 142 143 144 145 149 155 158 164 167 169 172 174 176 177 178 179 180 181 182 183 185 186 187 188 190 191 192 193 194 195 196 197 198 199 200
