c ids of sdd nodes start at 0
c sdd nodes appear bottom-up, children before parents
c
c file syntax:
c sdd count-of-sdd-nodes
c F id-of-false-sdd-node
c T id-of-true-sdd-node
c L id-of-literal-sdd-node id-of-vtree literal
c D id-of-decomposition-sdd-node id-of-vtree number-of-elements {id-of-prime id-of-sub}*
c
sdd 308
L 1 0 1
L 3 2 2
L 5 4 3
L 7 6 4
L 9 8 5
L 11 10 6
L 13 14 8
L 15 16 9
L 17 18 -10
L 19 20 -11
L 21 22 12
L 23 24 -13
L 24 32 17
L 25 24 13
F 26
D 22 25 2 23 24 25 26
L 27 22 -12
D 20 23 2 21 22 27 26
L 28 20 11
D 18 21 2 19 20 28 22
L 29 18 10
L 34 34 18
L 35 32 -17
D 33 33 2 24 34 35 26
D 32 25 2 23 33 25 26
D 31 23 2 21 32 27 26
D 30 21 2 19 31 28 32
D 16 19 2 17 18 29 30
L 36 16 -9
L 42 34 -18
T 43
D 41 33 2 35 42 24 43
D 40 25 2 23 41 25 26
D 39 23 2 21 40 27 26
D 38 21 2 19 39 28 40
D 37 19 2 29 30 17 38
D 14 17 2 15 16 36 37
L 44 14 -8
D 49 25 2 25 24 23 26
D 48 23 2 27 49 21 24
D 47 21 2 19 48 28 24
D 52 25 2 25 33 23 26
D 51 23 2 27 52 21 33
D 50 21 2 19 51 28 33
D 46 19 2 17 47 29 50
D 56 25 2 25 41 23 26
D 55 23 2 27 56 21 41
D 54 21 2 19 55 28 41
D 53 19 2 29 50 17 54
D 45 17 2 15 46 36 53
D 12 15 2 13 14 44 45
L 57 10 -6
L 65 26 14
L 66 26 -14
D 64 27 2 65 24 66 26
D 63 25 2 25 64 23 26
D 62 23 2 27 63 21 64
D 61 21 2 19 62 28 64
D 70 27 2 65 33 66 26
D 69 25 2 25 70 23 26
D 68 23 2 27 69 21 70
D 67 21 2 19 68 28 70
D 60 19 2 17 61 29 67
D 75 27 2 65 41 66 26
D 74 25 2 25 75 23 26
D 73 23 2 27 74 21 75
D 72 21 2 19 73 28 75
D 71 19 2 29 67 17 72
D 59 17 2 15 60 36 71
D 78 21 2 19 68 28 26
D 79 21 2 19 73 28 26
D 77 19 2 29 78 17 79
D 76 17 2 36 77 15 26
D 58 15 2 44 59 13 76
D 10 11 2 11 12 57 58
L 80 8 -5
D 87 25 2 23 34 25 26
D 86 23 2 21 87 27 26
D 85 21 2 19 86 28 87
D 89 23 2 21 23 27 26
D 88 21 2 19 89 28 23
D 84 19 2 29 85 17 88
D 83 17 2 15 16 36 84
D 94 25 2 25 34 23 26
D 93 23 2 27 94 21 34
D 92 21 2 19 93 28 34
D 96 23 2 27 25 21 43
D 95 21 2 19 96 28 43
D 91 19 2 29 92 17 95
D 90 17 2 15 46 36 91
D 82 15 2 13 83 44 90
D 102 25 2 25 65 23 26
D 101 23 2 27 102 21 65
D 100 21 2 19 101 28 65
D 106 27 2 65 34 66 26
D 105 25 2 25 106 23 26
D 104 23 2 27 105 21 106
D 103 21 2 19 104 28 106
D 99 19 2 17 100 29 103
D 98 17 2 15 60 36 99
D 109 21 2 19 101 28 26
D 110 21 2 19 104 28 26
D 108 19 2 17 109 29 110
D 107 17 2 36 108 15 26
D 97 15 2 44 98 13 107
D 81 11 2 11 82 57 97
D 8 9 2 9 10 80 81
L 111 6 -4
D 117 21 2 19 96 28 26
D 118 21 2 19 93 28 26
D 116 19 2 17 117 29 118
D 115 17 2 36 116 15 26
D 114 15 2 44 90 13 115
D 113 11 2 11 82 57 114
D 123 21 2 19 51 28 26
D 124 21 2 19 55 28 26
D 122 19 2 29 123 17 124
D 121 17 2 36 122 15 26
D 120 15 2 44 45 13 121
D 119 11 2 11 12 57 120
D 112 9 2 80 113 9 119
D 6 7 2 7 8 111 112
L 125 4 -3
D 130 17 2 15 18 36 38
D 131 17 2 15 47 36 54
D 129 15 2 13 130 44 131
D 133 17 2 15 61 36 72
D 134 17 2 36 79 15 26
D 132 15 2 44 133 13 134
D 128 11 2 11 129 57 132
D 137 17 2 15 47 36 95
D 138 17 2 15 18 36 88
D 136 15 2 44 137 13 138
D 140 17 2 15 61 36 100
D 141 17 2 36 109 15 26
D 139 15 2 44 140 13 141
D 135 11 2 11 136 57 139
D 127 9 2 9 128 80 135
D 148 25 2 23 35 25 26
D 147 23 2 21 148 27 26
D 146 21 2 19 147 28 148
D 145 17 2 36 146 15 26
D 152 25 2 25 35 23 26
D 151 23 2 27 152 21 35
D 150 21 2 19 151 28 35
D 149 17 2 36 150 15 26
D 144 15 2 13 145 44 149
D 155 21 2 19 151 28 26
D 154 17 2 36 155 15 26
D 153 15 2 44 149 13 154
D 143 11 2 11 144 57 153
D 162 33 2 35 42 24 26
D 161 25 2 23 162 25 26
D 160 23 2 21 161 27 26
D 159 21 2 19 160 28 161
D 158 17 2 36 159 15 26
D 166 25 2 25 162 23 26
D 165 23 2 27 166 21 162
D 164 21 2 19 165 28 162
D 163 17 2 36 164 15 26
D 157 15 2 13 158 44 163
D 169 21 2 19 165 28 26
D 168 17 2 36 169 15 26
D 167 15 2 44 163 13 168
D 156 11 2 11 157 57 167
D 142 9 2 80 143 9 156
D 126 7 2 7 127 111 142
D 4 5 2 5 6 125 126
L 170 2 -2
D 180 25 2 23 70 25 26
D 179 23 2 21 180 27 26
D 178 21 2 19 179 28 180
D 183 25 2 23 75 25 26
D 182 23 2 21 183 27 26
D 181 21 2 19 182 28 183
D 177 19 2 29 178 17 181
D 176 17 2 15 16 36 177
D 184 17 2 15 46 36 71
D 175 15 2 13 176 44 184
D 174 11 2 57 58 11 175
D 191 25 2 23 106 25 26
D 190 23 2 21 191 27 26
D 189 21 2 19 190 28 191
D 194 25 2 23 65 25 26
D 193 23 2 21 194 27 26
D 192 21 2 19 193 28 194
D 188 19 2 29 189 17 192
D 187 17 2 15 16 36 188
D 195 17 2 15 46 36 99
D 186 15 2 13 187 44 195
D 185 11 2 57 97 11 186
D 173 9 2 9 174 80 185
D 198 15 2 44 195 13 107
D 197 11 2 11 186 57 198
D 200 15 2 44 184 13 76
D 199 11 2 11 175 57 200
D 196 9 2 80 197 9 199
D 172 7 2 7 173 111 196
D 205 17 2 15 18 36 181
D 206 17 2 15 47 36 72
D 204 15 2 13 205 44 206
D 203 11 2 11 204 57 132
D 209 17 2 15 47 36 100
D 210 17 2 15 18 36 192
D 208 15 2 44 209 13 210
D 207 11 2 11 208 57 139
D 202 9 2 9 203 80 207
D 218 27 2 65 35 66 26
D 217 25 2 23 218 25 26
D 216 23 2 21 217 27 26
D 215 21 2 19 216 28 217
D 214 17 2 36 215 15 26
D 222 25 2 25 218 23 26
D 221 23 2 27 222 21 218
D 220 21 2 19 221 28 218
D 219 17 2 36 220 15 26
D 213 15 2 13 214 44 219
D 225 21 2 19 221 28 26
D 224 17 2 36 225 15 26
D 223 15 2 44 219 13 224
D 212 11 2 11 213 57 223
D 232 27 2 65 162 66 26
D 231 25 2 23 232 25 26
D 230 23 2 21 231 27 26
D 229 21 2 19 230 28 231
D 228 17 2 36 229 15 26
D 236 25 2 25 232 23 26
D 235 23 2 27 236 21 232
D 234 21 2 19 235 28 232
D 233 17 2 36 234 15 26
D 227 15 2 13 228 44 233
D 239 21 2 19 235 28 26
D 238 17 2 36 239 15 26
D 237 15 2 44 233 13 238
D 226 11 2 11 227 57 237
D 211 9 2 80 212 9 226
D 201 7 2 7 202 111 211
D 171 5 2 5 172 125 201
D 2 3 2 3 4 170 171
L 240 0 -1
D 246 15 2 13 37 44 53
D 247 15 2 13 76 44 71
D 245 11 2 11 246 57 247
D 249 15 2 13 84 44 91
D 250 15 2 44 99 13 107
D 248 11 2 11 249 57 250
D 244 9 2 9 245 80 248
D 253 15 2 13 115 44 91
D 252 11 2 11 249 57 253
D 255 15 2 13 121 44 53
D 254 11 2 11 246 57 255
D 251 9 2 80 252 9 254
D 243 7 2 7 244 111 251
D 259 15 2 44 54 13 38
D 260 15 2 13 134 44 72
D 258 11 2 11 259 57 260
D 262 15 2 13 88 44 95
D 263 15 2 13 141 44 100
D 261 11 2 11 262 57 263
D 257 9 2 9 258 80 261
D 266 15 2 13 146 44 150
D 267 15 2 44 150 13 154
D 265 11 2 11 266 57 267
D 269 15 2 13 159 44 164
D 270 15 2 13 168 44 164
D 268 11 2 11 269 57 270
D 264 9 2 80 265 9 268
D 256 7 2 7 257 111 264
D 242 5 2 5 243 125 256
D 276 17 2 15 37 36 177
D 277 17 2 15 53 36 71
D 275 15 2 13 276 44 277
D 274 11 2 57 247 11 275
D 280 17 2 15 84 36 188
D 281 17 2 36 99 15 91
D 279 15 2 13 280 44 281
D 278 11 2 57 250 11 279
D 273 9 2 9 274 80 278
D 284 15 2 44 281 13 107
D 283 11 2 11 279 57 284
D 286 15 2 13 76 44 277
D 285 11 2 11 275 57 286
D 282 9 2 80 283 9 285
D 272 7 2 7 273 111 282
D 291 17 2 15 54 36 72
D 292 17 2 15 38 36 181
D 290 15 2 44 291 13 292
D 289 11 2 11 290 57 260
D 295 17 2 15 88 36 192
D 296 17 2 36 100 15 95
D 294 15 2 13 295 44 296
D 293 11 2 11 294 57 263
D 288 9 2 9 289 80 293
D 300 17 2 15 146 36 215
D 301 17 2 36 220 15 150
D 299 15 2 13 300 44 301
D 302 15 2 13 224 44 301
D 298 11 2 11 299 57 302
D 305 17 2 15 159 36 229
D 306 17 2 15 164 36 234
D 304 15 2 13 305 44 306
D 307 15 2 44 306 13 238
D 303 11 2 11 304 57 307
D 297 9 2 80 298 9 303
D 287 7 2 7 288 111 297
D 271 5 2 5 272 125 287
D 241 3 2 3 242 170 271
D 0 1 2 1 2 240 241
