c ids of sdd nodes start at 0
c sdd nodes appear bottom-up, children before parents
c
c file syntax:
c sdd count-of-sdd-nodes
c F id-of-false-sdd-node
c T id-of-true-sdd-node
c L id-of-literal-sdd-node id-of-vtree literal
c D id-of-decomposition-sdd-node id-of-vtree number-of-elements {id-of-prime id-of-sub}*
c
sdd 304
L 1 0 -1
L 3 2 2
L 5 4 -3
L 7 6 4
L 9 10 6
L 11 14 -8
L 13 16 -9
L 15 18 -10
L 17 26 14
L 19 28 15
L 21 30 -16
L 22 36 19
L 23 30 16
F 24
D 20 31 2 21 22 23 24
L 25 28 -15
D 18 29 2 19 20 25 22
L 26 26 -14
L 30 32 17
L 31 32 -17
D 29 33 2 30 22 31 24
D 28 31 2 21 29 23 24
D 27 29 2 19 28 25 29
D 16 27 2 17 18 26 27
L 32 18 10
D 14 19 2 15 16 32 18
L 33 16 9
D 12 17 2 13 14 33 24
L 34 14 8
L 42 34 18
L 43 36 -19
L 44 34 -18
D 41 35 2 42 43 44 24
D 40 33 2 30 41 31 24
D 39 31 2 21 40 23 24
D 45 33 2 30 43 31 24
D 38 29 2 19 39 25 45
D 47 31 2 21 41 23 24
D 46 29 2 19 47 25 43
D 37 27 2 26 38 17 46
D 36 19 2 15 37 32 46
D 51 31 2 21 30 23 24
D 50 29 2 19 51 25 30
T 53
D 52 29 2 19 21 25 53
D 49 27 2 26 50 17 52
D 48 19 2 15 49 32 52
D 35 17 2 33 36 13 48
D 10 15 2 11 12 34 35
L 54 10 -6
D 8 11 2 9 10 54 35
L 55 6 -4
L 61 22 12
L 62 22 -12
D 63 29 2 25 43 19 24
D 60 23 2 61 46 62 63
D 66 29 2 25 45 19 24
D 65 27 2 26 66 17 63
D 64 23 2 62 65 61 37
D 59 19 2 32 60 15 64
D 68 23 2 61 52 62 25
D 71 29 2 25 30 19 24
D 70 27 2 26 71 17 25
D 69 23 2 62 70 61 49
D 67 19 2 32 68 15 69
D 58 17 2 33 59 13 67
D 75 27 2 26 46 17 24
D 76 27 2 26 63 17 24
D 74 23 2 61 75 62 76
D 78 27 2 26 38 17 24
D 79 27 2 26 66 17 24
D 77 23 2 61 78 62 79
D 73 19 2 32 74 15 77
D 82 27 2 26 52 17 24
D 83 27 2 26 25 17 24
D 81 23 2 61 82 62 83
D 85 27 2 26 50 17 24
D 86 27 2 26 71 17 24
D 84 23 2 61 85 62 86
D 80 19 2 32 81 15 84
D 72 17 2 33 73 13 80
D 57 15 2 11 58 34 72
D 91 29 2 25 22 19 24
D 90 23 2 61 18 62 91
D 94 29 2 25 29 19 24
D 93 27 2 26 94 17 91
D 92 23 2 62 93 61 16
D 89 19 2 32 90 15 92
D 88 17 2 13 89 33 24
D 87 15 2 11 88 34 72
D 56 11 2 54 57 9 87
D 6 7 2 7 8 55 56
L 95 4 3
D 101 27 2 26 29 17 22
D 100 19 2 15 101 32 22
D 99 17 2 13 100 33 24
D 105 29 2 19 40 25 45
D 106 29 2 19 41 25 43
D 104 27 2 26 105 17 106
D 103 19 2 15 104 32 106
D 108 27 2 26 30 17 53
D 107 19 2 15 108 32 53
D 102 17 2 33 103 13 107
D 98 15 2 11 99 34 102
D 97 11 2 9 98 54 102
D 113 23 2 61 106 62 63
D 114 23 2 62 65 61 104
D 112 19 2 32 113 15 114
D 116 23 2 62 70 61 108
D 117 23 2 62 25 61 53
D 115 19 2 15 116 32 117
D 111 17 2 33 112 13 115
D 121 27 2 26 106 17 24
D 120 23 2 61 121 62 76
D 123 27 2 26 105 17 24
D 122 23 2 61 123 62 79
D 119 19 2 32 120 15 122
D 126 27 2 26 30 17 24
D 125 23 2 62 86 61 126
D 127 23 2 62 83 61 26
D 124 19 2 15 125 32 127
D 118 17 2 33 119 13 124
D 110 15 2 11 111 34 118
D 131 23 2 62 91 61 22
D 132 23 2 62 93 61 101
D 130 19 2 32 131 15 132
D 129 17 2 13 130 33 24
D 128 15 2 11 129 34 118
D 109 11 2 54 110 9 128
D 96 7 2 7 97 55 109
D 4 5 2 5 6 95 96
L 133 2 -2
D 143 35 2 42 22 44 24
D 142 31 2 21 143 23 24
D 141 29 2 19 142 25 22
D 140 27 2 26 141 17 24
D 147 33 2 30 143 31 24
D 146 31 2 21 147 23 24
D 145 29 2 19 146 25 29
D 144 27 2 26 145 17 24
D 139 19 2 32 140 15 144
D 149 27 2 26 18 17 24
D 150 27 2 26 27 17 24
D 148 19 2 32 149 15 150
D 138 17 2 33 139 13 148
D 155 31 2 21 42 23 24
D 154 29 2 19 155 25 53
D 153 27 2 26 154 17 24
D 159 33 2 30 42 31 24
D 158 31 2 21 159 23 24
D 157 29 2 19 158 25 30
D 156 27 2 26 157 17 24
D 152 19 2 32 153 15 156
D 160 19 2 32 82 15 85
D 151 17 2 33 152 13 160
D 137 15 2 11 138 34 151
D 163 27 2 26 157 17 154
D 162 19 2 15 163 32 154
D 161 17 2 13 48 33 162
D 136 11 2 9 137 54 161
D 169 27 2 26 91 17 24
D 168 23 2 61 149 62 169
D 171 27 2 26 94 17 24
D 170 23 2 61 150 62 171
D 167 19 2 32 168 15 170
D 173 23 2 61 140 62 169
D 174 23 2 61 144 62 171
D 172 19 2 32 173 15 174
D 166 17 2 13 167 33 172
D 177 23 2 61 153 62 83
D 178 23 2 61 156 62 86
D 176 19 2 32 177 15 178
D 175 17 2 13 80 33 176
D 165 15 2 11 166 34 175
D 182 23 2 61 154 62 25
D 183 23 2 62 70 61 163
D 181 19 2 32 182 15 183
D 180 17 2 13 67 33 181
D 179 15 2 11 180 34 175
D 164 11 2 9 165 54 179
D 135 7 2 7 136 55 164
D 189 27 2 26 22 17 24
D 190 27 2 26 29 17 24
D 188 19 2 32 189 15 190
D 193 29 2 19 143 25 22
D 192 27 2 26 193 17 24
D 195 29 2 19 147 25 29
D 194 27 2 26 195 17 24
D 191 19 2 32 192 15 194
D 187 17 2 13 188 33 191
D 197 19 2 15 126 32 26
D 200 29 2 19 42 25 53
D 199 27 2 26 200 17 24
D 202 29 2 19 159 25 30
D 201 27 2 26 202 17 24
D 198 19 2 32 199 15 201
D 196 17 2 13 197 33 198
D 186 15 2 11 187 34 196
D 205 27 2 26 202 17 200
D 204 19 2 15 205 32 200
D 203 17 2 33 204 13 107
D 185 11 2 9 186 54 203
D 210 23 2 61 189 62 169
D 211 23 2 61 190 62 171
D 209 19 2 32 210 15 211
D 213 23 2 61 192 62 169
D 214 23 2 61 194 62 171
D 212 19 2 32 213 15 214
D 208 17 2 13 209 33 212
D 217 23 2 61 199 62 83
D 218 23 2 61 201 62 86
D 216 19 2 32 217 15 218
D 215 17 2 13 124 33 216
D 207 15 2 11 208 34 215
D 222 23 2 61 200 62 25
D 223 23 2 62 70 61 205
D 221 19 2 32 222 15 223
D 220 17 2 13 115 33 221
D 219 15 2 11 220 34 215
D 206 11 2 9 207 54 219
D 184 7 2 7 185 55 206
D 134 5 2 5 135 95 184
D 2 3 2 3 4 133 134
L 224 0 1
L 229 8 5
L 230 8 -5
D 233 17 2 33 112 13 24
D 234 17 2 33 119 13 24
D 232 15 2 11 233 34 234
D 235 15 2 34 234 11 24
D 231 11 2 54 232 9 235
D 228 9 2 229 109 230 231
D 241 27 2 26 45 17 43
D 240 19 2 15 241 32 43
D 239 17 2 13 240 33 103
D 238 15 2 34 239 11 24
D 237 11 2 9 238 54 239
D 244 17 2 33 103 13 24
D 243 15 2 34 244 11 24
D 242 11 2 9 243 54 244
D 236 9 2 229 237 230 242
D 227 7 2 55 228 7 236
D 249 17 2 33 59 13 24
D 250 17 2 33 73 13 24
D 248 15 2 11 249 34 250
D 251 15 2 34 250 11 24
D 247 11 2 54 248 9 251
D 246 9 2 229 56 230 247
D 255 17 2 33 36 13 24
D 254 15 2 34 255 11 24
D 253 11 2 9 254 54 255
D 262 31 2 21 45 23 24
D 261 29 2 19 262 25 45
D 264 31 2 21 43 23 24
D 263 29 2 19 264 25 43
D 260 27 2 26 261 17 263
D 259 19 2 15 260 32 263
D 258 17 2 33 36 13 259
D 257 15 2 34 258 11 24
D 256 11 2 9 257 54 258
D 252 9 2 230 253 229 256
D 245 7 2 55 246 7 252
D 226 5 2 95 227 5 245
D 271 19 2 32 121 15 123
D 270 17 2 33 271 13 24
D 269 15 2 34 270 11 24
D 268 11 2 9 269 54 244
D 276 27 2 26 45 17 24
D 277 27 2 26 43 17 24
D 275 19 2 15 276 32 277
D 274 17 2 33 271 13 275
D 273 15 2 34 274 11 24
D 272 11 2 9 273 54 239
D 267 9 2 230 268 229 272
D 281 17 2 33 212 13 24
D 282 17 2 33 216 13 24
D 280 15 2 11 281 34 282
D 284 17 2 33 221 13 24
D 283 15 2 11 284 34 282
D 279 11 2 9 280 54 283
D 278 9 2 229 206 230 279
D 266 7 2 7 267 55 278
D 291 27 2 26 263 17 24
D 292 27 2 26 261 17 24
D 290 19 2 32 291 15 292
D 293 19 2 32 75 15 78
D 289 17 2 13 290 33 293
D 288 15 2 34 289 11 24
D 287 11 2 9 288 54 258
D 296 17 2 33 293 13 24
D 295 15 2 34 296 11 24
D 294 11 2 9 295 54 255
D 286 9 2 229 287 230 294
D 300 17 2 33 172 13 24
D 301 17 2 33 176 13 24
D 299 15 2 11 300 34 301
D 303 17 2 33 181 13 24
D 302 15 2 11 303 34 301
D 298 11 2 9 299 54 302
D 297 9 2 229 164 230 298
D 285 7 2 7 286 55 297
D 265 5 2 95 266 5 285
D 225 3 2 3 226 133 265
D 0 1 2 1 2 224 225
