c ids of sdd nodes start at 0
c sdd nodes appear bottom-up, children before parents
c
c file syntax:
c sdd count-of-sdd-nodes
c F id-of-false-sdd-node
c T id-of-true-sdd-node
c L id-of-literal-sdd-node id-of-vtree literal
c D id-of-decomposition-sdd-node id-of-vtree number-of-elements {id-of-prime id-of-sub}*
c
sdd 184
L 3 0 -1
L 5 2 -2
L 6 4 -3
L 7 2 2
F 8
D 4 3 2 5 6 7 8
L 9 0 1
D 2 1 2 3 4 9 8
L 11 6 4
L 12 10 -6
L 13 6 -4
D 10 9 2 11 12 13 8
D 14 1 2 9 4 3 8
L 17 8 5
D 16 7 2 11 17 13 8
L 19 8 -5
T 20
D 18 7 2 11 19 13 20
D 15 9 2 16 12 18 8
L 22 4 3
D 21 3 2 5 22 7 20
D 1 5 3 2 10 14 15 21 8
L 26 14 -8
L 27 16 -9
L 28 14 8
D 25 15 2 26 27 28 8
L 30 18 10
L 31 20 11
L 32 18 -10
D 29 19 2 30 31 32 8
L 34 16 9
D 33 15 2 26 34 28 20
D 24 17 2 25 29 33 8
L 36 24 -13
L 37 28 15
L 38 24 13
D 35 25 2 36 37 38 8
D 40 19 2 32 31 30 8
D 41 15 2 28 27 26 8
D 39 17 3 25 40 41 31 34 8
L 43 28 -15
D 42 25 2 38 43 36 20
D 45 15 2 26 34 28 8
D 46 15 2 26 27 28 20
D 44 17 2 45 29 46 8
D 47 17 2 34 40 27 8
L 48 22 12
D 50 15 2 28 34 26 8
D 51 15 2 28 27 26 20
D 49 17 2 50 29 51 8
L 52 20 -11
D 23 21 6 24 35 39 42 44 37 47 48 49 20 52 8
D 55 7 2 11 19 13 8
D 56 7 2 11 17 13 20
D 54 9 2 55 12 56 8
D 57 1 2 9 21 3 20
D 53 5 2 14 54 57 8
L 60 22 -12
D 59 25 2 48 37 60 8
D 61 17 2 27 31 34 8
D 62 17 2 34 29 27 8
D 58 21 4 47 59 61 35 62 37 52 8
D 65 3 2 5 22 7 8
D 64 1 2 3 65 9 8
D 66 1 2 9 65 3 8
D 67 3 2 5 6 7 20
D 63 5 3 64 10 66 15 67 8
D 69 17 2 45 40 46 8
D 70 17 2 51 52 50 20
D 68 21 5 24 35 39 42 44 37 69 48 70 8
D 72 1 2 9 67 3 20
D 71 5 2 66 54 72 8
D 73 21 4 69 59 61 35 44 37 70 8
D 76 3 2 7 22 5 8
D 75 1 2 9 76 3 8
D 78 7 2 13 17 11 8
L 79 12 7
D 80 7 2 13 19 11 20
D 77 9 2 78 79 80 8
D 82 3 2 7 6 5 20
D 81 1 2 9 82 3 20
D 74 5 2 75 77 81 8
D 85 15 2 28 34 26 20
D 84 17 2 41 30 85 8
L 88 26 14
L 89 26 -14
D 87 27 2 88 43 89 8
D 86 25 2 38 87 36 88
D 90 17 2 45 30 46 8
D 92 27 2 88 37 89 8
D 91 25 2 60 92 48 8
D 93 17 2 25 30 33 8
D 94 25 2 36 92 38 8
D 95 17 2 51 32 50 20
D 83 21 4 84 86 90 91 93 94 95 8
D 97 1 2 3 76 9 8
D 98 9 2 13 79 11 8
D 99 1 2 3 82 9 20
D 96 5 2 97 98 99 8
D 101 25 2 60 37 48 8
D 100 21 4 90 101 93 35 84 42 95 8
D 104 7 2 13 19 11 8
D 105 7 2 13 17 11 20
D 103 9 2 104 79 105 8
D 102 5 2 75 103 81 8
D 107 17 2 27 30 34 8
D 106 21 3 90 91 107 94 95 8
L 110 12 -7
L 111 10 6
D 109 9 3 78 110 16 111 19 8
D 108 5 2 75 109 81 8
D 113 17 3 25 32 41 20 34 8
D 114 17 3 45 32 50 20 27 8
D 112 21 4 113 86 90 91 93 94 114 8
D 116 9 2 13 110 11 111
D 115 5 2 97 116 99 8
D 117 21 4 90 101 93 35 113 42 114 8
D 119 9 3 104 110 55 111 17 8
D 118 5 2 75 119 81 8
D 120 21 3 90 91 27 94 114 8
D 123 3 2 7 6 5 8
D 122 1 2 9 123 3 8
D 125 3 2 7 22 5 20
D 124 1 2 9 125 3 20
D 121 5 2 122 77 124 8
D 127 17 2 50 30 51 8
D 128 25 2 60 88 48 8
D 126 21 5 84 86 90 91 127 128 93 94 32 8
D 130 1 2 3 123 9 8
D 131 1 2 3 125 9 20
D 129 5 2 130 116 131 8
D 133 17 2 34 32 27 8
D 132 21 5 90 101 93 35 113 42 127 60 133 8
D 134 5 2 130 98 131 8
D 135 21 5 90 101 93 35 84 42 127 60 32 8
D 136 5 2 122 103 124 8
D 138 17 2 34 30 27 8
D 137 21 3 138 91 107 94 32 8
D 139 5 2 122 119 124 8
D 140 21 3 138 91 27 94 133 8
D 141 5 2 122 109 124 8
D 142 21 5 113 86 90 91 127 128 93 94 133 8
D 143 5 2 75 15 81 8
D 146 19 2 30 52 32 20
D 145 17 3 45 146 27 52 50 20
D 144 21 4 39 86 44 91 24 94 145 8
D 147 5 2 97 10 99 8
D 148 21 4 44 101 24 35 39 42 145 8
D 149 5 2 75 54 81 8
D 150 21 3 44 91 61 94 145 8
D 151 5 2 130 10 131 8
D 153 17 2 34 146 27 52
D 152 21 5 44 101 24 35 39 42 49 60 153 8
D 154 5 2 122 54 124 8
D 155 21 3 62 91 61 94 153 8
D 156 5 2 122 15 124 8
D 157 21 5 39 86 44 91 49 128 24 94 153 8
D 159 9 2 16 111 18 8
D 160 9 2 11 111 13 8
D 158 5 3 66 159 64 160 67 8
D 162 17 2 45 32 46 8
D 161 21 5 93 35 113 42 90 37 162 48 50 8
D 164 9 2 55 111 56 8
D 163 5 2 66 164 72 8
D 165 21 4 162 59 27 35 90 37 50 8
D 166 5 2 5 98 7 8
D 168 17 2 26 32 28 20
D 167 21 3 93 35 90 37 168 8
D 170 1 2 3 5 9 8
D 171 9 2 13 110 11 8
D 172 1 2 9 5 3 8
D 173 9 2 78 110 80 8
D 169 5 3 170 171 172 173 7 8
D 175 17 2 25 32 33 8
D 174 21 5 93 35 175 42 90 37 162 48 28 8
D 177 9 2 104 110 105 8
D 178 1 2 9 7 3 20
D 176 5 2 172 177 178 8
D 179 21 4 162 59 25 35 90 37 28 8
D 180 5 3 14 159 2 160 21 8
D 181 21 5 93 35 113 42 90 37 133 48 127 20
D 182 5 2 14 164 57 8
D 183 21 3 133 59 27 35 138 37
D 0 13 29 1 23 53 58 63 68 71 73 74 83 96 100 102 106 108 112 115 117 118 120 121 126 129 132 134 135 136 137 139 140 141 142 143 144 147 148 149 150 151 152 154 155 156 157 158 161 163 165 166 167 169 174 176 179 180 181 182 183
