c ids of sdd nodes start at 0
c sdd nodes appear bottom-up, children before parents
c
c file syntax:
c sdd count-of-sdd-nodes
c F id-of-false-sdd-node
c T id-of-true-sdd-node
c L id-of-literal-sdd-node id-of-vtree literal
c D id-of-decomposition-sdd-node id-of-vtree number-of-elements {id-of-prime id-of-sub}*
c
sdd 125
L 3 2 2
L 4 4 -3
L 5 2 -2
F 6
D 2 3 2 3 4 5 6
L 9 6 4
L 10 8 5
L 11 6 -4
D 8 7 2 9 10 11 6
L 13 10 -6
L 14 12 7
L 15 10 6
D 12 11 2 13 14 15 6
L 17 8 -5
D 16 7 2 9 17 11 6
D 7 9 3 8 12 16 13 11 6
L 19 4 3
D 18 3 2 3 19 5 6
D 20 9 2 9 13 11 6
D 1 5 3 2 7 18 20 5 6
L 24 14 8
L 25 16 -9
L 26 14 -8
T 27
D 23 15 2 24 25 26 27
L 29 18 10
L 30 20 11
L 31 18 -10
D 28 19 2 29 30 31 6
L 33 16 9
D 32 15 2 24 33 26 6
D 22 17 2 23 28 32 6
L 36 22 -12
L 37 24 -13
L 38 22 12
D 35 23 2 36 37 38 6
L 40 26 14
L 41 28 15
L 42 26 -14
D 39 27 2 40 41 42 6
L 44 24 13
D 43 23 2 36 44 38 27
D 34 25 2 35 39 43 6
D 45 19 2 31 30 29 6
D 46 25 2 35 40 43 6
L 49 20 -11
D 48 19 2 29 49 31 6
D 47 17 2 23 48 32 6
D 50 25 2 37 39 44 6
D 51 19 2 31 49 29 6
D 52 25 2 37 40 44 6
D 53 17 2 32 29 23 6
D 21 21 5 22 34 45 46 47 50 51 52 53 6
D 55 3 2 5 4 3 6
D 56 3 2 5 19 3 6
D 54 5 3 55 7 56 20 3 6
D 58 17 2 32 45 23 30
D 59 17 2 23 48 32 29
D 57 21 3 58 46 51 52 59 6
L 62 0 -1
L 63 0 1
D 61 1 2 62 2 63 6
D 65 11 2 15 14 13 6
D 64 9 3 8 65 16 15 11 6
D 66 1 2 62 18 63 6
D 67 9 2 9 15 11 6
D 68 1 2 62 5 63 27
D 60 5 3 61 64 66 67 68 6
D 71 23 2 36 44 38 6
D 72 27 2 42 41 40 6
D 70 25 3 71 72 35 41 38 6
D 73 25 3 71 42 35 27 38 6
D 74 25 2 44 72 37 41
D 75 25 2 44 42 37 27
D 69 21 5 22 70 45 73 47 74 51 75 53 6
D 77 1 2 62 55 63 6
D 78 1 2 62 56 63 6
D 79 1 2 62 3 63 27
D 76 5 3 77 64 78 67 79 6
D 80 21 3 58 73 51 75 59 6
D 82 1 2 63 2 62 6
D 83 1 2 63 18 62 6
D 84 1 2 63 5 62 27
D 81 5 3 82 64 83 67 84 6
D 86 17 2 26 28 24 6
D 87 17 2 26 45 24 6
D 88 17 2 26 48 24 6
D 89 17 2 26 51 24 6
D 85 21 5 86 70 87 73 88 74 89 75 24 6
D 91 1 2 63 55 62 6
D 92 1 2 63 56 62 6
D 93 1 2 63 3 62 27
D 90 5 3 91 64 92 67 93 6
D 95 17 2 26 30 24 6
D 96 17 2 26 48 24 27
D 94 21 3 95 73 89 75 96 6
D 99 7 2 11 10 9 6
D 100 7 2 11 17 9 6
D 98 9 3 99 12 100 13 9 6
D 101 9 3 99 14 100 27 9 6
D 103 3 2 3 19 5 27
D 102 1 2 63 103 62 5
D 97 5 4 82 98 61 101 66 11 102 6
D 105 17 2 23 29 32 6
D 104 21 3 105 39 31 40 53 6
D 108 3 2 5 19 3 27
D 107 1 2 63 108 62 3
D 106 5 4 91 98 77 101 78 11 107 6
D 110 19 2 29 30 31 27
D 109 17 2 23 110 32 31
D 112 9 3 99 65 100 15 9 6
D 113 1 2 63 103 62 27
D 111 5 2 82 112 113 6
D 115 17 2 26 29 24 6
D 116 17 2 26 31 24 6
D 114 21 3 115 39 116 40 24 6
D 118 1 2 63 108 62 27
D 117 5 2 91 112 118 6
D 119 17 2 26 110 24 6
L 122 12 -7
D 121 9 2 10 122 17 6
D 123 1 2 63 19 62 6
D 124 1 2 62 19 63 6
D 120 5 3 4 121 123 11 124 6
D 0 13 11 1 21 54 57 60 69 76 80 81 85 90 94 97 104 106 109 111 114 117 119 120 6
