c ids of sdd nodes start at 0
c sdd nodes appear bottom-up, children before parents
c
c file syntax:
c sdd count-of-sdd-nodes
c F id-of-false-sdd-node
c T id-of-true-sdd-node
c L id-of-literal-sdd-node id-of-vtree literal
c D id-of-decomposition-sdd-node id-of-vtree number-of-elements {id-of-prime id-of-sub}*
c
sdd 158
L 3 0 -1
L 5 2 2
L 6 4 -3
L 7 2 -2
F 8
D 4 3 2 5 6 7 8
L 9 0 1
D 2 1 2 3 4 9 8
L 12 6 -4
L 13 8 5
L 14 6 4
D 11 7 2 12 13 14 8
L 16 10 -6
L 17 12 7
L 18 10 6
D 15 11 2 16 17 18 8
L 20 8 -5
T 21
D 19 7 2 12 20 14 21
D 10 9 2 11 15 19 8
L 24 4 3
D 23 3 2 5 24 7 21
D 22 1 2 3 23 9 21
D 1 5 2 2 10 22 8
L 27 16 9
L 28 20 -11
L 29 16 -9
D 26 17 2 27 28 29 8
L 31 24 13
L 33 26 -14
L 34 28 15
L 35 26 14
D 32 27 2 33 34 35 8
L 36 24 -13
D 30 25 2 31 32 36 8
L 39 14 8
L 40 14 -8
D 38 15 2 39 27 40 21
L 41 20 11
D 42 15 2 39 29 40 8
D 37 17 2 38 41 42 8
L 45 28 -15
D 44 27 2 35 45 33 21
D 43 25 2 31 44 36 8
D 47 15 2 40 29 39 8
D 46 17 3 47 28 42 21 27 8
D 25 21 3 26 30 37 43 46 8
D 50 11 2 18 17 16 8
D 49 9 2 11 50 19 8
D 52 3 2 5 24 7 8
D 51 1 2 3 52 9 8
D 53 9 2 11 17 19 8
D 54 1 2 3 7 9 21
D 48 5 3 2 49 51 53 54 8
L 58 22 -12
L 59 22 12
D 57 23 2 58 31 59 8
D 60 23 2 58 36 59 21
D 56 25 2 57 44 60 8
D 61 25 2 57 32 60 8
D 55 21 3 37 56 26 61 46 8
L 65 12 -7
D 64 11 2 18 65 16 8
D 66 7 2 12 20 14 8
D 63 9 3 11 64 66 18 14 8
D 67 9 3 11 65 66 21 14 8
D 62 5 3 2 63 51 67 54 8
D 70 23 2 58 36 59 8
D 71 27 2 35 45 33 8
D 69 25 3 57 44 70 71 59 8
D 68 21 3 37 69 26 61 46 8
D 74 11 2 16 65 18 8
D 73 9 3 11 74 66 16 14 8
D 72 5 2 2 73 22 8
D 76 25 2 31 44 36 71
D 75 21 3 37 76 26 30 46 8
D 79 7 2 14 13 12 8
D 80 7 2 14 20 12 8
D 78 9 3 79 74 80 16 12 8
D 77 5 2 2 78 22 8
D 82 17 3 47 41 27 21 42 8
D 81 21 2 82 76 46 8
D 85 7 2 14 20 12 21
D 84 9 2 79 15 85 8
D 83 5 2 2 84 22 8
D 86 21 2 82 43 46 8
D 88 9 2 79 17 85 8
D 89 9 2 79 50 85 8
D 87 5 3 51 88 2 89 54 8
D 90 21 2 82 56 46 8
D 92 9 3 79 64 80 18 12 8
D 93 9 3 79 65 80 21 12 8
D 91 5 3 2 92 51 93 54 8
D 94 21 2 82 69 46 8
D 97 3 2 7 24 5 8
D 96 1 2 3 97 9 8
D 99 3 2 7 6 5 21
D 98 1 2 3 99 9 21
D 95 5 2 96 67 98 8
D 101 25 2 58 34 59 8
D 100 21 3 26 101 37 58 46 8
D 102 5 2 96 53 98 8
D 104 25 2 57 34 60 8
D 103 21 3 26 104 37 57 46 8
D 105 5 2 96 93 98 8
D 106 21 2 82 58 46 8
D 107 5 2 96 88 98 8
D 108 21 2 82 57 46 8
D 111 3 2 7 6 5 8
D 110 1 2 3 111 9 8
D 113 3 2 7 24 5 21
D 112 1 2 3 113 9 21
D 109 5 2 110 67 112 8
D 114 21 3 26 34 37 21 46 8
D 115 5 2 110 53 112 8
D 117 25 2 31 34 36 8
D 116 21 3 26 117 37 31 46 8
D 119 1 2 9 5 3 8
D 120 1 2 9 7 3 21
D 118 5 2 119 78 120 8
D 123 15 2 40 27 39 21
D 122 17 2 47 41 123 21
D 125 23 2 59 31 58 8
D 126 23 2 59 36 58 8
D 124 25 4 125 44 126 71 57 33 70 8
D 127 17 2 47 28 123 8
D 121 21 2 122 124 127 8
D 128 5 2 110 88 112 8
D 129 21 2 82 31 46 8
D 130 5 2 110 93 112 8
D 132 9 2 12 18 14 8
D 131 5 2 119 132 120 8
D 133 21 2 122 61 127 8
D 135 9 2 12 16 14 8
D 134 5 2 119 135 120 8
D 136 21 2 122 30 127 8
D 138 1 2 9 7 3 8
D 139 1 2 9 5 3 21
D 137 5 2 138 53 139 8
D 141 25 3 57 32 125 34 36 8
D 140 21 2 122 141 127 8
D 142 5 2 138 67 139 8
D 144 25 2 58 32 59 34
D 143 21 2 122 144 127 8
D 146 9 2 14 18 12 8
D 145 5 2 119 146 120 8
D 148 25 2 57 33 60 8
D 147 21 2 122 148 127 8
D 149 5 2 119 84 120 8
D 151 25 3 125 44 57 33 36 8
D 150 21 2 122 151 127 8
D 152 5 2 138 88 139 8
D 154 25 3 57 33 125 21 36 8
D 153 21 2 122 154 127 8
D 155 5 2 138 93 139 8
D 157 25 2 58 33 59 21
D 156 21 2 122 157 127 8
D 0 13 25 1 25 48 55 62 68 72 75 77 81 83 86 87 90 91 94 95 100 102 103 105 106 107 108 109 114 115 116 118 121 128 129 130 82 131 133 134 136 137 140 142 143 145 147 149 150 152 153 155 156
