c ids of sdd nodes start at 0
c sdd nodes appear bottom-up, children before parents
c
c file syntax:
c sdd count-of-sdd-nodes
c F id-of-false-sdd-node
c T id-of-true-sdd-node
c L id-of-literal-sdd-node id-of-vtree literal
c D id-of-decomposition-sdd-node id-of-vtree number-of-elements {id-of-prime id-of-sub}*
c
sdd 73
L 3 0 1
L 4 2 2
L 5 0 -1
F 6
D 2 1 2 3 4 5 6
L 8 6 -4
L 9 8 5
L 10 6 4
D 7 7 2 8 9 10 6
L 12 2 -2
T 13
D 11 1 2 3 12 5 13
D 1 3 2 2 7 11 6
L 16 10 6
L 17 12 -7
L 18 10 -6
D 15 11 2 16 17 18 6
L 20 14 -8
L 22 16 9
L 23 18 -10
L 24 16 -9
D 21 17 2 22 23 24 6
L 25 14 8
D 19 15 2 20 21 25 6
L 27 12 7
D 26 11 2 16 27 18 13
D 14 13 2 15 19 26 6
D 29 1 2 3 12 5 6
D 30 1 2 3 4 5 13
D 28 3 2 29 7 30 6
D 31 13 2 17 19 27 6
L 34 8 -5
D 33 7 2 8 34 10 6
D 32 3 2 2 33 11 6
D 36 11 2 18 17 16 6
D 38 17 2 24 23 22 6
D 37 15 2 20 38 25 24
D 39 15 2 20 23 25 24
D 35 13 3 36 37 15 39 27 6
D 40 3 2 2 10 11 6
D 42 15 2 20 21 25 22
D 41 13 2 15 42 26 6
D 44 1 2 5 4 3 6
D 45 1 2 5 12 3 13
D 43 3 2 44 33 45 6
D 47 15 2 25 24 20 13
D 46 13 2 16 47 18 6
D 48 3 2 29 10 30 6
D 49 13 2 17 42 27 6
D 50 3 2 29 33 30 6
D 51 13 2 17 39 27 6
D 53 1 2 5 12 3 6
D 54 7 2 10 34 8 6
D 55 1 2 5 4 3 13
D 52 3 2 53 54 55 6
D 57 11 2 16 27 18 6
D 58 11 2 18 27 16 6
D 56 13 3 57 24 17 22 58 6
D 59 3 2 53 7 55 6
D 61 15 2 20 22 25 6
D 60 13 2 17 61 27 6
D 63 7 2 10 9 8 6
D 62 3 2 53 63 55 6
D 64 13 2 17 22 27 6
D 65 3 2 53 33 55 6
D 66 13 4 15 47 36 61 57 24 58 6
D 67 3 2 44 63 45 6
D 68 13 2 16 22 18 6
D 69 3 2 44 54 45 6
D 70 13 3 15 22 57 13 18 6
D 71 3 2 44 7 45 6
D 72 13 2 16 61 18 6
D 0 9 14 1 14 28 31 32 35 40 41 43 46 48 49 50 51 52 56 59 60 62 64 65 66 67 68 69 70 71 72
