c ids of sdd nodes start at 0
c sdd nodes appear bottom-up, children before parents
c
c file syntax:
c sdd count-of-sdd-nodes
c F id-of-false-sdd-node
c T id-of-true-sdd-node
c L id-of-literal-sdd-node id-of-vtree literal
c D id-of-decomposition-sdd-node id-of-vtree number-of-elements {id-of-prime id-of-sub}*
c
sdd 105
L 3 0 -1
L 5 2 2
L 6 4 -3
L 7 2 -2
F 8
D 4 3 2 5 6 7 8
L 9 0 1
D 2 1 2 3 4 9 8
L 11 8 5
L 12 12 -7
L 13 8 -5
D 10 9 2 11 12 13 8
L 16 4 3
T 17
D 15 3 2 5 16 7 17
D 14 1 2 3 15 9 17
D 1 5 2 2 10 14 8
L 20 14 8
L 21 18 -10
L 22 14 -8
D 19 17 2 20 21 22 8
L 25 22 -12
L 26 24 -13
L 27 22 12
D 24 23 2 25 26 27 8
L 28 26 14
L 30 24 13
D 29 23 2 25 30 27 17
D 23 25 2 24 28 29 8
L 32 18 10
D 31 17 2 20 32 22 8
D 18 21 3 19 23 22 24 31 8
L 36 6 4
L 37 6 -4
D 35 7 2 36 13 37 8
D 38 7 2 36 11 37 17
D 34 9 2 35 12 38 8
D 39 1 2 9 4 3 8
D 41 7 2 37 11 36 17
D 42 7 2 37 13 36 8
D 40 9 2 41 12 42 8
D 33 5 3 2 34 39 40 15 8
D 44 25 2 26 28 30 8
D 43 21 3 19 44 22 26 31 8
L 47 12 7
D 46 9 2 11 47 13 8
D 45 5 2 2 46 14 8
L 50 26 -14
D 49 25 2 24 50 29 8
D 48 21 2 22 49 20 8
D 52 9 3 35 47 42 17 11 8
D 53 9 2 41 47 42 17
D 51 5 3 2 52 39 53 15 8
D 55 25 2 26 50 30 8
D 54 21 2 22 55 20 8
D 58 3 2 7 6 5 8
D 57 1 2 3 58 9 8
D 59 1 2 9 58 3 8
D 60 3 2 7 16 5 17
D 56 5 3 57 52 59 53 60 8
D 61 21 3 19 55 22 50 31 8
D 63 1 2 3 60 9 17
D 62 5 2 57 10 63 8
D 66 23 2 25 30 27 8
D 65 25 3 66 50 24 17 27 8
D 64 21 3 22 65 19 24 31 8
D 67 5 3 57 34 59 40 60 8
D 69 25 2 30 50 26 17
D 68 21 3 22 69 19 26 31 8
D 70 5 2 57 46 63 8
D 72 25 2 25 50 27 8
D 71 21 3 19 49 22 72 31 8
D 75 3 2 5 16 7 8
D 74 1 2 3 75 9 8
D 77 3 2 5 6 7 17
D 76 1 2 3 77 9 17
D 73 5 2 74 10 76 8
D 78 21 2 20 23 22 24
D 80 1 2 9 75 3 8
D 81 1 2 9 77 3 17
D 79 5 2 80 46 81 8
D 82 21 2 20 28 22 26
D 83 5 2 80 10 81 8
D 84 21 2 20 44 22 26
D 85 5 2 74 46 76 8
D 87 25 2 25 28 27 8
D 86 21 2 20 87 22 24
D 89 3 2 7 16 5 8
D 90 3 2 7 6 5 17
D 88 5 2 89 34 90 8
D 91 21 2 32 69 21 8
D 92 5 2 89 42 90 8
D 93 21 2 32 50 21 8
D 95 1 2 3 89 9 8
D 96 1 2 3 90 9 17
D 94 5 2 95 10 96 8
D 98 1 2 9 89 3 8
D 99 1 2 9 90 3 17
D 97 5 2 98 10 99 8
D 100 5 2 95 46 96 8
D 102 9 2 35 47 38 8
D 101 5 2 89 102 90 8
D 103 5 2 98 46 99 8
D 104 5 2 75 13 77 8
D 0 13 20 1 18 33 43 45 48 51 54 56 61 62 64 67 68 70 71 73 78 79 82 83 84 85 86 88 91 92 93 94 65 97 69 100 25 101 32 103 17 104 8
