c ids of sdd nodes start at 0
c sdd nodes appear bottom-up, children before parents
c
c file syntax:
c sdd count-of-sdd-nodes
c F id-of-false-sdd-node
c T id-of-true-sdd-node
c L id-of-literal-sdd-node id-of-vtree literal
c D id-of-decomposition-sdd-node id-of-vtree number-of-elements {id-of-prime id-of-sub}*
c
sdd 153
L 3 0 -1
L 4 4 -3
L 5 0 1
F 6
D 2 1 2 3 4 5 6
L 8 6 4
L 9 8 5
L 10 6 -4
D 7 7 2 8 9 10 6
L 12 4 3
T 13
D 11 1 2 3 12 5 13
D 1 5 2 2 7 11 6
L 17 14 -8
L 18 16 -9
L 19 14 8
D 16 15 2 17 18 19 6
L 20 20 11
L 22 16 9
D 21 15 2 17 22 19 13
D 15 17 2 16 20 21 6
L 24 22 -12
L 26 26 14
L 27 28 15
L 28 26 -14
D 25 27 2 26 27 28 13
L 29 22 12
D 23 25 2 24 25 29 6
L 32 28 -15
D 31 27 2 28 32 26 6
D 30 25 2 24 31 29 6
L 34 20 -11
D 33 17 2 16 34 21 6
D 35 25 2 24 28 29 6
D 36 15 2 17 22 19 6
D 14 21 4 15 23 19 30 33 35 36 6
D 38 1 2 5 4 3 6
D 39 1 2 5 12 3 13
D 37 5 2 38 7 39 6
D 41 17 2 19 20 17 6
D 42 25 2 24 32 29 6
D 43 17 2 19 34 17 6
D 40 21 5 41 42 43 30 33 28 15 13 36 6
L 47 2 -2
L 48 2 2
D 46 3 2 47 4 48 6
D 45 1 2 3 46 5 6
L 51 8 -5
D 50 7 2 8 51 10 6
L 52 10 6
D 53 7 2 8 9 10 13
D 49 9 2 50 52 53 6
D 55 3 2 48 4 47 6
D 54 1 2 3 55 5 6
D 44 5 3 45 49 54 50 11 6
D 56 21 2 17 23 19 30
D 58 1 2 3 12 5 6
D 59 1 2 3 4 5 13
D 57 5 2 58 7 59 6
D 62 15 2 17 18 19 13
D 61 17 2 62 20 36 6
D 63 17 2 62 34 36 6
D 60 21 3 61 23 63 35 36 6
D 65 1 2 5 12 3 6
D 66 1 2 5 4 3 13
D 64 5 2 65 7 66 6
D 67 21 5 43 35 33 28 41 24 15 13 36 6
D 69 7 2 10 9 8 6
D 68 5 2 2 69 11 6
L 72 18 10
D 71 17 2 16 72 21 6
L 75 24 -13
D 74 23 2 24 75 29 6
L 77 24 13
D 76 23 2 24 77 29 13
D 73 25 2 74 28 76 6
L 79 18 -10
D 78 17 2 16 79 21 6
D 80 17 2 19 72 17 6
D 81 25 2 75 31 77 6
D 82 17 2 19 79 17 6
D 70 21 5 71 73 78 35 80 81 82 31 36 6
D 85 7 2 10 51 8 13
D 84 9 2 69 52 85 6
D 83 5 2 38 84 39 6
D 88 15 2 19 22 17 6
D 89 19 2 72 20 79 6
D 90 15 2 19 18 17 13
D 87 17 2 88 89 90 6
D 91 25 2 75 32 77 6
D 93 19 2 72 34 79 6
D 94 15 2 19 18 17 6
D 92 17 3 88 93 94 72 17 6
D 96 19 2 79 34 72 6
D 95 17 3 88 96 94 79 17 6
D 97 25 2 75 28 77 6
D 99 19 2 79 20 72 6
D 98 17 2 88 99 90 6
D 86 21 7 87 91 92 81 95 31 71 97 98 32 78 28 36 6
D 102 7 2 10 51 8 6
D 103 7 2 10 9 8 13
D 101 9 2 102 52 103 6
D 100 5 3 45 101 54 102 11 6
D 105 17 2 36 72 62 6
D 106 25 2 74 25 76 6
D 107 17 2 36 79 62 6
D 104 21 6 105 106 107 23 71 73 78 35 80 81 82 31
D 108 5 2 58 69 59 6
D 110 25 2 75 25 77 6
D 109 21 7 87 110 98 25 71 73 78 35 92 97 95 28 36 6
D 111 5 2 65 84 66 6
D 113 17 3 88 93 18 72 36 6
D 114 17 3 88 96 18 79 36 6
D 112 21 5 113 97 114 28 87 75 98 13 36 6
D 115 5 2 38 101 39 6
D 117 17 2 88 72 90 6
D 119 15 2 19 22 17 13
D 118 17 2 94 72 119 6
D 120 17 2 94 79 119 6
D 121 17 2 88 79 90 6
D 116 21 8 117 91 118 81 120 31 71 97 121 32 78 28 105 75 107 13
D 124 3 2 47 12 48 6
D 123 1 2 3 124 5 6
D 126 3 2 48 12 47 6
D 125 1 2 3 126 5 6
D 122 5 3 123 101 125 102 59 6
D 127 21 8 105 106 107 23 117 110 121 25 71 73 78 35 118 97 120 28
D 129 1 2 5 46 3 6
D 130 1 2 5 55 3 6
D 128 5 3 129 49 130 50 39 6
D 131 21 2 19 42 17 13
D 132 5 2 65 101 66 6
D 134 17 2 18 72 22 6
D 135 17 2 18 79 22 6
D 136 17 2 22 72 18 6
D 137 17 2 22 79 18 6
D 133 21 4 134 97 135 28 136 75 137 13
D 139 1 2 5 124 3 6
D 140 1 2 5 126 3 6
D 138 5 3 139 49 140 50 66 6
D 141 21 2 19 24 17 13
D 142 5 3 123 49 125 50 59 6
D 144 1 2 3 47 5 6
L 146 10 -6
D 145 9 2 51 146 9 6
D 147 1 2 5 47 3 6
D 149 7 2 8 51 10 13
D 148 9 2 149 146 7 6
D 150 1 2 5 48 3 6
D 151 9 2 10 146 8 6
D 152 1 2 3 48 5 6
D 143 5 4 144 145 147 148 150 151 152 6
D 0 13 17 1 14 37 40 44 56 57 60 64 67 68 70 83 86 100 104 108 109 111 112 115 116 122 127 128 131 132 133 138 141 142 23 143 6
