c ids of sdd nodes start at 0
c sdd nodes appear bottom-up, children before parents
c
c file syntax:
c sdd count-of-sdd-nodes
c F id-of-false-sdd-node
c T id-of-true-sdd-node
c L id-of-literal-sdd-node id-of-vtree literal
c D id-of-decomposition-sdd-node id-of-vtree number-of-elements {id-of-prime id-of-sub}*
c
sdd 86
L 3 0 -1
L 4 2 2
L 5 0 1
F 6
D 2 1 2 3 4 5 6
L 8 4 3
L 10 6 4
L 11 8 5
L 12 6 -4
T 13
D 9 7 2 10 11 12 13
L 14 4 -3
D 7 5 2 8 9 14 6
L 16 2 -2
D 15 1 2 3 16 5 13
D 1 3 2 2 7 15 6
L 18 12 7
L 20 14 -8
L 22 16 -9
L 23 18 10
L 24 16 9
D 21 17 2 22 23 24 13
L 25 14 8
D 26 17 2 22 23 24 6
D 19 15 2 20 21 25 26
L 27 12 -7
D 17 13 2 18 19 27 6
D 29 5 2 14 12 8 6
D 28 3 2 2 29 15 6
L 33 18 -10
D 32 17 2 24 33 22 6
D 31 15 2 20 32 25 6
D 30 13 2 18 19 27 31
D 35 1 2 3 16 5 6
D 36 1 2 3 4 5 13
D 34 3 2 35 29 36 6
D 38 15 2 25 22 20 13
D 39 15 2 20 33 25 6
D 37 13 2 18 38 27 39
D 41 1 2 5 4 3 6
L 44 8 -5
D 43 7 2 12 44 10 6
D 42 5 2 8 43 14 12
D 45 1 2 5 16 3 13
D 40 3 2 41 42 45 6
L 48 10 6
L 49 10 -6
D 47 11 2 48 18 49 6
D 50 11 2 48 27 49 6
D 46 13 3 47 21 50 31 49 6
D 53 7 2 10 44 12 6
D 52 5 2 14 53 8 6
D 51 3 2 41 52 45 6
D 56 17 2 24 23 22 6
D 55 15 2 25 56 20 24
D 54 13 3 50 55 47 24 49 6
D 59 7 2 10 11 12 6
D 58 5 2 14 59 8 6
D 57 3 2 41 58 45 6
D 61 15 2 20 21 25 23
D 60 13 3 50 61 47 21 49 6
D 63 1 2 5 16 3 6
D 64 5 2 8 43 14 6
D 65 1 2 5 4 3 13
D 62 3 2 63 64 65 6
D 66 13 2 27 31 18 13
D 67 3 2 63 29 65 6
D 68 13 2 27 39 18 13
D 69 3 2 63 52 65 6
D 70 13 2 27 55 18 24
D 71 3 2 2 58 15 6
D 72 3 2 35 58 36 6
D 74 15 2 25 26 20 13
D 73 13 2 27 74 18 38
D 75 3 2 63 58 65 6
D 77 15 2 25 23 20 13
D 76 13 2 27 77 18 13
D 78 3 2 35 7 36 6
D 79 13 2 18 38 27 6
D 80 3 2 3 52 5 6
D 81 15 2 20 24 25 6
D 84 7 2 12 11 10 13
D 83 5 2 8 84 14 6
D 85 5 2 8 53 14 6
D 82 3 2 5 83 3 85
D 0 9 15 1 17 28 30 34 37 40 46 51 54 57 60 62 66 67 68 69 70 71 19 72 73 75 76 78 79 80 81 82 6
