c ids of sdd nodes start at 0
c sdd nodes appear bottom-up, children before parents
c
c file syntax:
c sdd count-of-sdd-nodes
c F id-of-false-sdd-node
c T id-of-true-sdd-node
c L id-of-literal-sdd-node id-of-vtree literal
c D id-of-decomposition-sdd-node id-of-vtree number-of-elements {id-of-prime id-of-sub}*
c
sdd 312
L 1 0 -1
L 3 2 2
L 5 4 3
L 7 6 4
L 9 8 -5
L 11 10 -6
L 13 12 -7
L 15 14 -8
L 17 16 -9
L 19 18 10
L 21 20 -11
L 23 24 -13
L 25 36 19
L 26 38 -20
L 27 36 -19
F 28
D 24 37 2 25 26 27 28
L 29 24 13
D 22 25 2 23 24 29 28
L 30 20 11
L 32 38 20
D 31 25 2 29 32 23 25
D 20 21 2 21 22 30 31
L 33 18 -10
L 37 28 -15
L 38 28 15
D 36 29 2 37 24 38 28
D 35 25 2 23 36 29 28
D 40 29 2 37 32 38 28
D 41 29 2 37 25 38 28
D 39 25 2 29 40 23 41
D 34 21 2 21 35 30 39
D 18 19 2 19 20 33 34
L 42 16 9
D 46 29 2 38 24 37 25
D 45 25 2 23 46 29 40
D 44 21 2 21 22 30 45
D 43 19 2 33 34 19 44
D 16 17 2 17 18 42 43
L 47 14 8
D 50 25 2 29 32 23 28
D 49 21 2 30 50 21 28
D 52 25 2 29 40 23 28
D 51 21 2 30 52 21 28
D 48 17 2 17 49 42 51
D 14 15 2 15 16 47 48
L 53 12 7
D 58 37 2 25 32 27 28
D 57 25 2 29 58 23 28
D 56 21 2 30 57 21 28
D 61 29 2 37 58 38 28
D 60 25 2 29 61 23 28
D 59 21 2 30 60 21 28
D 55 17 2 17 56 42 59
D 65 25 2 29 58 23 25
D 64 21 2 21 22 30 65
D 67 25 2 29 61 23 41
D 66 21 2 21 35 30 67
D 63 19 2 19 64 33 66
D 70 25 2 29 61 23 46
D 69 21 2 30 70 21 22
D 68 19 2 33 66 19 69
D 62 17 2 17 63 42 68
D 54 15 2 47 55 15 62
D 12 13 2 13 14 53 54
L 71 10 6
D 10 11 2 11 12 71 14
L 72 8 5
D 76 17 2 17 20 42 44
D 75 15 2 47 76 15 16
D 78 17 2 17 64 42 69
D 77 15 2 47 78 15 62
D 74 13 2 13 75 53 77
D 73 11 2 11 74 71 75
D 8 9 2 9 10 72 73
L 79 6 -4
D 87 25 2 23 26 29 28
T 89
D 88 25 2 29 32 23 89
D 86 21 2 21 87 30 88
D 92 29 2 37 26 38 28
D 91 25 2 23 92 29 28
D 93 25 2 29 40 23 37
D 90 21 2 21 91 30 93
D 85 19 2 19 86 33 90
D 97 29 2 38 26 37 89
D 96 25 2 29 40 23 97
D 95 21 2 21 87 30 96
D 94 19 2 33 90 19 95
D 84 17 2 17 85 42 94
D 83 15 2 47 48 15 84
D 82 13 2 53 54 13 83
D 81 11 2 11 82 71 83
D 101 17 2 17 86 42 95
D 100 15 2 47 101 15 84
D 99 13 2 53 77 13 100
D 98 11 2 11 99 71 100
D 80 9 2 9 81 72 98
D 6 7 2 7 8 79 80
L 102 4 -3
D 109 19 2 33 39 19 31
D 108 17 2 17 109 42 39
D 110 17 2 42 39 17 31
D 107 15 2 15 108 47 110
D 112 17 2 17 65 42 67
D 114 19 2 19 65 33 67
D 113 17 2 17 114 42 67
D 111 15 2 47 112 15 113
D 106 13 2 13 107 53 111
D 105 11 2 11 106 71 107
D 118 17 2 17 50 42 52
D 117 15 2 15 108 47 118
D 120 17 2 17 57 42 60
D 119 15 2 15 113 47 120
D 116 13 2 13 117 53 119
D 115 11 2 11 116 71 117
D 104 9 2 72 105 9 115
D 126 19 2 33 93 19 88
D 125 17 2 17 126 42 93
D 127 17 2 42 93 17 88
D 124 15 2 15 125 47 127
D 123 13 2 13 124 53 111
D 122 11 2 11 123 71 124
D 130 15 2 47 118 15 125
D 129 13 2 53 119 13 130
D 128 11 2 11 129 71 130
D 121 9 2 72 122 9 128
D 103 7 2 7 104 79 121
D 4 5 2 5 6 102 103
L 131 2 -2
D 140 21 2 21 35 30 28
D 141 21 2 21 22 30 28
D 139 19 2 33 140 19 141
D 138 17 2 42 43 17 139
D 142 17 2 42 51 17 28
D 137 15 2 15 138 47 142
D 144 17 2 42 59 17 28
D 145 17 2 17 139 42 68
D 143 15 2 47 144 15 145
D 136 13 2 13 137 53 143
D 135 11 2 11 136 71 137
D 149 17 2 42 44 17 141
D 148 15 2 15 138 47 149
D 151 17 2 17 141 42 69
D 150 15 2 15 145 47 151
D 147 13 2 13 148 53 150
D 146 11 2 11 147 71 148
D 134 9 2 9 135 72 146
D 158 21 2 21 91 30 28
D 159 21 2 21 87 30 28
D 157 19 2 33 158 19 159
D 156 17 2 17 157 42 94
D 155 15 2 47 142 15 156
D 154 13 2 53 143 13 155
D 153 11 2 11 154 71 155
D 163 17 2 17 159 42 95
D 162 15 2 15 156 47 163
D 161 13 2 53 150 13 162
D 160 11 2 11 161 71 162
D 152 9 2 9 153 72 160
D 133 7 2 7 134 79 152
D 170 21 2 21 31 30 28
D 169 17 2 17 170 42 39
D 173 21 2 21 39 30 28
D 172 19 2 19 170 33 173
D 171 17 2 17 172 42 39
D 168 15 2 47 169 15 171
D 176 21 2 21 65 30 28
D 175 17 2 17 176 42 67
D 179 21 2 21 67 30 28
D 178 19 2 33 179 19 176
D 177 17 2 17 178 42 67
D 174 15 2 47 175 15 177
D 167 13 2 13 168 53 174
D 166 11 2 11 167 71 168
D 184 21 2 21 50 30 28
D 183 17 2 17 184 42 52
D 182 15 2 15 171 47 183
D 187 21 2 21 57 30 28
D 186 17 2 17 187 42 60
D 185 15 2 15 177 47 186
D 181 13 2 13 182 53 185
D 180 11 2 11 181 71 182
D 165 9 2 72 166 9 180
D 193 21 2 21 88 30 28
D 192 17 2 17 193 42 93
D 196 21 2 21 93 30 28
D 195 19 2 19 193 33 196
D 194 17 2 17 195 42 93
D 191 15 2 47 192 15 194
D 190 13 2 13 191 53 174
D 189 11 2 11 190 71 191
D 199 15 2 15 194 47 183
D 198 13 2 53 185 13 199
D 197 11 2 11 198 71 199
D 188 9 2 72 189 9 197
D 164 7 2 7 165 79 188
D 132 5 2 5 133 102 164
D 2 3 2 3 4 131 132
L 200 0 1
D 210 21 2 30 97 21 26
D 211 21 2 21 92 30 37
D 209 19 2 19 210 33 211
D 213 21 2 21 26 30 89
D 212 19 2 33 211 19 213
D 208 17 2 42 209 17 212
D 216 25 2 29 97 23 28
D 217 25 2 29 26 23 28
D 215 21 2 30 216 21 217
D 218 21 2 21 217 30 29
D 214 17 2 42 215 17 218
D 207 15 2 15 208 47 214
D 222 25 2 29 46 23 28
D 223 25 2 29 24 23 28
D 221 21 2 30 222 21 223
D 225 25 2 29 25 23 28
D 224 21 2 30 225 21 223
D 220 17 2 42 221 17 224
D 228 21 2 30 46 21 24
D 229 21 2 21 36 30 41
D 227 19 2 19 228 33 229
D 231 21 2 21 24 30 25
D 230 19 2 19 231 33 229
D 226 17 2 42 227 17 230
D 219 15 2 47 220 15 226
D 206 13 2 13 207 53 219
D 205 11 2 11 206 71 207
D 235 17 2 42 210 17 213
D 234 15 2 47 235 15 208
D 237 17 2 42 228 17 231
D 236 15 2 47 237 15 226
D 233 13 2 13 234 53 236
D 232 11 2 11 233 71 234
D 204 9 2 9 205 72 232
D 245 25 2 23 24 29 26
D 246 25 2 23 25 29 89
D 244 21 2 21 245 30 246
D 248 25 2 29 92 23 36
D 249 25 2 23 41 29 37
D 247 21 2 21 248 30 249
D 243 19 2 19 244 33 247
D 252 25 2 23 46 29 97
D 251 21 2 21 245 30 252
D 250 19 2 33 247 19 251
D 242 17 2 17 243 42 250
D 241 15 2 47 214 15 242
D 240 13 2 53 219 13 241
D 239 11 2 11 240 71 241
D 256 17 2 17 244 42 251
D 255 15 2 47 256 15 242
D 254 13 2 53 236 13 255
D 253 11 2 11 254 71 255
D 238 9 2 9 239 72 253
D 203 7 2 79 204 7 238
D 259 17 2 42 41 17 25
D 261 19 2 33 41 19 25
D 260 17 2 17 261 42 41
D 258 15 2 47 259 15 260
D 264 25 2 29 41 23 28
D 263 17 2 42 264 17 225
D 262 15 2 15 260 47 263
D 257 9 2 72 258 9 262
D 202 5 2 5 203 102 257
D 273 21 2 21 26 30 28
D 274 21 2 21 92 30 28
D 272 19 2 19 273 33 274
D 271 17 2 42 209 17 272
D 276 21 2 21 217 30 28
D 275 17 2 42 215 17 276
D 270 15 2 15 271 47 275
D 279 21 2 21 223 30 28
D 278 17 2 42 221 17 279
D 282 21 2 21 36 30 28
D 283 21 2 21 24 30 28
D 281 19 2 33 282 19 283
D 280 17 2 42 227 17 281
D 277 15 2 47 278 15 280
D 269 13 2 13 270 53 277
D 268 11 2 11 269 71 270
D 287 17 2 42 210 17 273
D 286 15 2 15 271 47 287
D 289 17 2 42 228 17 283
D 288 15 2 15 280 47 289
D 285 13 2 13 286 53 288
D 284 11 2 11 285 71 286
D 267 9 2 9 268 72 284
D 296 21 2 21 248 30 28
D 297 21 2 21 245 30 28
D 295 19 2 33 296 19 297
D 294 17 2 17 295 42 250
D 293 15 2 47 275 15 294
D 292 13 2 53 277 13 293
D 291 11 2 11 292 71 293
D 301 17 2 17 297 42 251
D 300 15 2 15 294 47 301
D 299 13 2 53 288 13 300
D 298 11 2 11 299 71 300
D 290 9 2 9 291 72 298
D 266 7 2 79 267 7 290
D 305 21 2 21 25 30 28
D 304 17 2 17 305 42 41
D 308 21 2 21 41 30 28
D 307 19 2 19 305 33 308
D 306 17 2 17 307 42 41
D 303 15 2 47 304 15 306
D 311 21 2 21 225 30 28
D 310 17 2 42 264 17 311
D 309 15 2 15 306 47 310
D 302 9 2 72 303 9 309
D 265 5 2 5 266 102 302
D 201 3 2 3 202 131 265
D 0 1 2 1 2 200 201
