c ids of sdd nodes start at 0
c sdd nodes appear bottom-up, children before parents
c
c file syntax:
c sdd count-of-sdd-nodes
c F id-of-false-sdd-node
c T id-of-true-sdd-node
c L id-of-literal-sdd-node id-of-vtree literal
c D id-of-decomposition-sdd-node id-of-vtree number-of-elements {id-of-prime id-of-sub}*
c
sdd 192
L 3 0 -1
L 5 2 -2
L 6 4 -3
L 7 2 2
F 8
D 4 3 2 5 6 7 8
L 9 0 1
D 2 1 2 3 4 9 8
L 12 6 4
L 13 8 5
L 14 6 -4
D 11 7 2 12 13 14 8
L 16 10 -6
L 17 12 7
L 18 10 6
D 15 11 2 16 17 18 8
L 20 8 -5
D 19 7 2 12 20 14 8
D 10 9 3 11 15 19 17 14 8
L 23 4 3
T 24
D 22 3 2 5 23 7 24
D 21 1 2 3 22 9 24
D 1 5 2 2 10 21 8
L 28 14 -8
L 29 16 -9
L 30 14 8
D 27 15 2 28 29 30 8
L 31 18 10
L 33 16 9
D 32 15 2 28 33 30 24
D 26 17 2 27 31 32 8
L 36 22 12
L 37 24 -13
L 38 22 -12
D 35 23 2 36 37 38 8
L 39 26 14
L 41 24 13
D 40 23 2 36 41 38 24
D 34 25 2 35 39 40 8
L 43 26 -14
L 44 28 -15
D 42 27 2 43 44 39 24
L 46 18 -10
D 47 15 2 28 33 30 8
D 45 17 3 27 46 47 24 30 8
D 25 21 3 26 34 30 42 45 8
D 50 3 2 7 6 5 8
D 49 1 2 3 50 9 8
D 52 7 2 14 13 12 8
D 53 7 2 14 20 12 8
D 51 9 3 52 15 53 17 12 8
D 55 3 2 7 23 5 24
D 54 1 2 3 55 9 24
D 48 5 2 49 51 54 8
D 57 17 2 27 46 32 8
D 58 17 3 27 31 47 24 30 8
D 56 21 3 57 34 30 42 58 8
D 59 5 2 2 51 21 8
D 60 21 3 27 34 30 42 47 8
D 63 3 2 5 23 7 8
D 62 1 2 3 63 9 8
D 65 3 2 5 6 7 24
D 64 1 2 3 65 9 24
D 61 5 2 62 10 64 8
D 66 21 3 26 35 30 24 45 8
D 69 3 2 7 23 5 8
D 68 1 2 3 69 9 8
D 71 3 2 7 6 5 24
D 70 1 2 3 71 9 24
D 67 5 2 68 51 70 8
D 72 21 3 57 35 30 24 58 8
L 76 12 -7
D 75 11 2 16 76 18 8
D 74 9 3 11 75 19 76 14 8
D 73 5 2 2 74 21 8
D 79 23 2 38 41 36 24
D 80 27 2 39 44 43 8
D 81 23 2 38 37 36 8
D 78 25 2 79 80 81 8
D 82 15 2 30 33 28 8
D 83 15 2 30 29 28 8
D 77 21 4 26 78 82 42 83 44 45 8
D 85 9 3 52 75 53 76 12 8
D 84 5 2 49 85 54 8
D 86 21 4 57 78 82 42 83 44 58 8
D 87 5 2 2 85 21 8
D 88 21 4 27 78 82 42 83 44 47 8
D 89 5 2 68 85 70 8
D 91 25 2 79 44 81 8
D 90 21 4 57 91 83 44 82 24 58 8
D 92 5 2 62 74 64 8
D 93 21 4 26 91 83 44 82 24 45 8
D 94 5 2 62 85 64 8
D 95 21 4 27 91 83 44 82 24 47 8
D 98 11 2 18 17 16 8
D 99 7 2 12 20 14 24
D 97 9 2 11 98 99 8
D 96 5 2 2 97 21 8
D 101 17 2 27 46 32 24
D 100 21 2 26 34 101 8
D 104 7 2 14 20 12 24
D 103 9 2 52 98 104 8
D 102 5 2 49 103 54 8
D 106 17 2 27 31 32 24
D 105 21 2 57 34 106 8
D 107 5 2 2 103 21 8
D 108 21 2 27 34 32 8
D 109 5 2 62 97 64 8
D 110 21 2 26 35 101 8
D 111 5 2 68 103 70 8
D 112 21 2 57 35 106 8
D 115 11 2 18 76 16 8
D 114 9 2 11 115 99 8
D 113 5 2 2 114 21 8
D 116 21 2 26 78 101 8
D 118 9 2 52 115 104 8
D 117 5 2 49 118 54 8
D 119 21 2 57 78 106 8
D 120 5 2 2 118 21 8
D 121 21 2 27 78 32 8
D 122 5 2 68 118 70 8
D 123 21 2 57 91 106 8
D 124 5 2 62 114 64 8
D 125 21 2 26 91 101 8
D 126 5 2 62 118 64 8
D 127 21 2 27 91 32 8
D 129 1 2 9 4 3 8
D 130 1 2 9 22 3 24
D 128 5 2 129 114 130 8
D 133 15 2 28 29 30 24
D 132 17 2 47 31 133 8
D 134 25 2 79 39 81 8
D 135 17 2 28 46 30 24
D 131 21 3 26 78 132 134 135 8
D 137 1 2 9 50 3 8
D 138 1 2 9 55 3 24
D 136 5 2 137 118 138 8
D 140 17 2 47 46 133 8
D 141 17 2 28 31 30 24
D 139 21 3 57 78 140 134 141 8
D 142 5 2 129 118 130 8
D 143 21 3 27 78 47 134 30 8
D 145 1 2 9 69 3 8
D 146 1 2 9 71 3 24
D 144 5 2 145 118 146 8
D 147 21 3 57 91 140 79 141 8
D 149 1 2 9 63 3 8
D 150 1 2 9 65 3 24
D 148 5 2 149 114 150 8
D 151 21 3 26 91 132 79 135 8
D 152 5 2 149 118 150 8
D 153 21 3 27 91 47 79 30 8
D 154 5 2 129 74 130 8
D 156 17 2 28 46 30 8
D 155 21 5 26 78 82 42 132 134 83 44 156 8
D 157 5 2 137 85 138 8
D 159 17 2 28 31 30 8
D 158 21 5 57 78 82 42 140 134 83 44 159 8
D 160 5 2 129 85 130 8
D 161 21 4 27 78 82 42 47 134 83 44
D 162 5 2 145 85 146 8
D 163 21 5 57 91 140 79 83 44 82 24 159 8
D 164 5 2 149 74 150 8
D 165 21 5 26 91 132 79 83 44 82 24 156 8
D 166 5 2 149 85 150 8
D 167 21 4 27 91 47 79 83 44 82 24
D 168 5 2 50 74 55 8
D 169 21 3 82 42 83 44 28 8
D 170 5 2 69 74 71 8
D 171 21 3 83 44 82 24 28 8
D 172 5 2 62 51 64 8
D 173 21 3 27 35 30 24 47 8
D 174 5 2 62 103 64 8
D 175 21 2 27 35 32 8
D 177 1 2 9 6 3 8
D 178 9 2 13 15 20 17
D 179 1 2 3 55 9 23
D 176 5 3 177 178 49 10 179 8
D 180 21 2 30 42 28 8
D 182 1 2 9 23 3 8
D 183 1 2 3 71 9 6
D 181 5 3 182 178 68 10 183 8
D 185 1 2 9 7 3 8
D 186 9 3 52 98 11 18 20 8
D 187 1 2 9 5 3 8
D 188 9 2 13 98 20 8
D 189 1 2 3 7 9 8
D 190 9 2 11 18 99 8
D 191 1 2 3 5 9 8
D 184 5 4 185 186 187 188 189 190 191 8
D 0 13 41 1 25 48 56 59 60 61 66 67 72 73 77 84 86 87 88 89 90 92 93 94 95 96 100 102 105 107 108 109 110 111 112 113 116 117 119 120 121 122 123 124 125 126 127 128 131 136 139 142 143 144 147 148 151 152 153 154 155 157 158 160 161 162 163 164 165 166 167 168 169 170 171 172 173 174 175 176 180 181 30 184 8
