c ids of sdd nodes start at 0
c sdd nodes appear bottom-up, children before parents
c
c file syntax:
c sdd count-of-sdd-nodes
c F id-of-false-sdd-node
c T id-of-true-sdd-node
c L id-of-literal-sdd-node id-of-vtree literal
c D id-of-decomposition-sdd-node id-of-vtree number-of-elements {id-of-prime id-of-sub}*
c
sdd 158
L 3 2 -2
L 4 4 -3
L 5 2 2
F 6
D 2 3 2 3 4 5 6
L 8 6 4
L 10 10 6
L 11 12 7
L 12 10 -6
D 9 11 2 10 11 12 6
L 13 6 -4
D 7 9 2 8 9 13 6
L 15 4 3
T 16
D 14 3 2 3 15 5 16
D 1 5 2 2 7 14 6
L 19 14 8
L 20 20 -11
L 21 14 -8
D 18 17 2 19 20 21 6
L 23 24 13
L 25 26 -14
L 26 28 15
L 27 26 14
D 24 27 2 25 26 27 6
L 28 24 -13
D 22 25 2 23 24 28 25
D 29 17 2 21 20 19 6
D 30 25 2 23 26 28 16
L 31 20 11
L 34 28 -15
D 33 27 2 25 34 27 6
D 32 25 2 28 33 23 6
D 17 21 3 18 22 29 30 31 32
L 37 0 -1
L 38 0 1
D 36 1 2 37 2 38 6
L 40 8 5
L 42 12 -7
D 41 11 2 10 42 12 6
L 43 8 -5
D 39 9 2 40 41 43 6
D 44 1 2 37 14 38 16
D 35 5 2 36 39 44 6
D 46 25 2 28 34 23 6
D 45 21 2 21 46 19 32
D 49 11 2 12 11 10 6
D 48 9 2 8 49 13 6
D 47 5 2 2 48 14 6
D 50 21 2 20 30 31 32
D 52 1 2 38 2 37 6
D 54 7 2 8 40 13 6
D 55 7 2 8 43 13 16
D 53 9 2 54 41 55 6
D 56 1 2 38 14 37 16
D 51 5 2 52 53 56 6
D 58 17 2 21 31 19 6
D 59 17 2 19 31 21 6
D 57 21 4 18 22 29 30 58 46 59 32
D 62 3 2 5 4 3 6
D 61 1 2 37 62 38 6
D 64 3 2 5 15 3 16
D 63 1 2 37 64 38 16
D 60 5 2 61 53 63 6
D 67 27 2 27 34 25 6
D 66 25 2 28 67 23 6
D 65 21 2 21 66 19 6
D 70 7 2 13 40 8 6
D 71 7 2 13 43 8 16
D 69 9 2 70 41 71 6
D 68 5 2 61 69 63 6
D 72 21 3 21 46 59 32 18 6
D 74 1 2 38 62 37 6
D 75 1 2 38 64 37 16
D 73 5 2 74 53 75 6
D 78 27 2 27 26 25 6
D 77 25 2 23 78 28 27
D 76 21 2 21 77 19 6
D 80 9 2 8 11 13 6
D 79 5 2 62 80 64 6
D 82 17 2 21 31 19 16
D 81 21 2 29 77 82 6
D 84 9 2 13 11 8 6
D 83 5 2 74 84 75 6
D 85 21 3 31 22 29 30 18 6
D 88 11 2 12 42 10 6
D 87 9 2 54 88 55 6
D 86 5 2 61 87 63 6
D 90 17 2 19 31 21 16
D 89 21 2 90 66 18 6
D 91 5 2 74 69 75 6
D 92 21 3 59 22 21 30 18 6
D 94 9 2 70 88 71 6
D 93 5 2 61 94 63 6
D 95 21 2 90 46 18 6
D 96 5 2 74 87 75 6
D 97 21 2 90 77 18 6
D 99 3 2 3 15 5 6
D 100 3 2 3 4 5 16
D 98 5 2 99 7 100 6
D 101 21 3 31 33 18 25 29 16
D 102 5 2 99 48 100 6
D 103 21 2 31 33 20 16
D 105 1 2 38 99 37 6
D 106 9 2 8 41 13 6
D 107 1 2 38 100 37 16
D 104 5 2 105 106 107 6
D 108 21 4 59 33 58 34 18 25 29 16
D 111 3 2 5 15 3 6
D 110 1 2 37 111 38 6
D 112 9 2 13 41 8 6
D 114 3 2 5 4 3 16
D 113 1 2 37 114 38 16
D 109 5 2 110 112 113 6
D 115 21 3 59 33 21 34 18 6
D 117 1 2 38 111 37 6
D 118 1 2 38 114 37 16
D 116 5 2 117 84 118 6
D 119 21 3 31 25 29 16 18 6
D 121 9 2 8 88 13 6
D 120 5 2 110 121 113 6
D 122 21 2 90 67 18 6
D 123 5 2 117 112 118 6
D 124 21 3 59 25 21 16 18 6
D 126 9 2 13 88 8 6
D 125 5 2 110 126 113 6
D 127 21 2 90 34 18 6
D 128 5 2 117 121 118 6
D 129 21 2 90 27 18 6
D 130 5 2 111 80 114 6
D 131 21 2 29 27 82 6
D 132 5 2 110 106 113 6
D 133 21 2 21 67 19 6
D 135 1 2 37 99 38 6
D 136 1 2 37 100 38 16
D 134 5 2 135 41 136 6
D 137 21 2 19 33 21 34
D 138 5 2 117 106 118 6
D 139 21 2 21 27 19 6
D 140 5 2 52 87 56 6
D 141 21 2 20 30 31 46
D 142 5 2 74 94 75 6
D 143 21 2 90 30 18 6
D 144 5 2 105 121 107 6
D 145 21 2 31 34 20 16
D 146 5 2 117 126 118 6
D 148 9 2 40 88 43 6
D 147 5 2 36 148 44 6
D 149 5 2 135 88 136 6
D 152 7 2 8 43 13 6
D 151 9 3 152 42 13 16 54 6
D 153 1 2 37 4 38 6
D 155 7 2 13 43 8 6
D 154 9 4 152 42 70 11 155 16 54 6
D 156 9 2 43 42 40 6
D 157 1 2 37 15 38 6
D 150 5 6 52 151 153 154 74 156 157 84 105 13 117 6
D 0 13 33 1 17 35 45 47 50 51 57 60 65 68 72 73 76 79 81 83 85 86 89 91 92 93 95 96 97 98 101 102 103 104 108 109 115 116 119 120 122 123 124 125 127 128 129 130 131 132 133 134 137 138 139 140 141 142 143 144 145 146 90 147 46 149 34 150 6
