c ids of sdd nodes start at 0
c sdd nodes appear bottom-up, children before parents
c
c file syntax:
c sdd count-of-sdd-nodes
c F id-of-false-sdd-node
c T id-of-true-sdd-node
c L id-of-literal-sdd-node id-of-vtree literal
c D id-of-decomposition-sdd-node id-of-vtree number-of-elements {id-of-prime id-of-sub}*
c
sdd 93
L 3 0 -1
L 4 2 2
L 5 0 1
F 6
D 2 1 2 3 4 5 6
L 8 4 3
L 9 6 4
L 10 4 -3
D 7 5 2 8 9 10 6
L 12 2 -2
T 13
D 11 1 2 3 12 5 13
D 1 3 2 2 7 11 6
L 16 10 -6
L 17 12 -7
L 18 10 6
D 15 11 2 16 17 18 6
L 20 14 8
L 22 16 -9
L 23 18 10
L 24 16 9
D 21 17 2 22 23 24 13
L 25 14 -8
D 19 15 2 20 21 25 6
L 27 12 7
D 26 11 2 16 27 18 13
D 14 13 2 15 19 26 6
D 29 1 2 5 4 3 6
L 32 8 -5
L 33 6 -4
D 31 7 2 9 32 33 6
D 30 5 2 10 31 8 9
D 34 5 2 10 31 8 6
D 28 3 3 29 30 2 34 12 6
D 36 11 2 16 27 18 6
D 37 15 2 25 21 20 6
D 35 13 3 36 37 15 21 18 6
L 40 8 5
D 39 7 2 33 40 9 6
D 41 1 2 5 12 3 13
D 38 3 2 29 39 41 6
D 43 17 2 22 23 24 6
D 42 13 2 18 43 16 6
D 46 7 2 9 40 33 6
D 45 5 2 10 46 8 6
D 44 3 2 29 45 41 6
D 47 13 3 36 37 15 21 18 43
D 48 3 2 2 45 11 6
D 50 11 2 16 17 18 13
D 49 13 2 36 37 50 21
D 52 1 2 3 12 5 6
D 53 5 2 8 31 10 6
D 54 1 2 3 4 5 13
D 51 3 2 52 53 54 6
D 55 13 2 15 20 26 6
D 57 5 2 8 46 10 6
D 56 3 2 52 57 54 6
D 59 15 2 20 22 25 6
D 58 13 2 15 59 26 6
D 61 1 2 5 12 3 6
D 62 1 2 5 4 3 13
D 60 3 2 61 57 62 6
D 64 15 2 25 22 20 6
D 63 13 3 36 64 15 22 18 6
D 66 5 2 8 39 10 6
D 65 3 2 52 66 54 6
D 68 15 2 20 43 25 6
D 67 13 2 50 68 36 6
D 70 5 2 10 39 8 6
D 69 3 2 52 70 54 6
D 72 15 2 25 43 20 6
D 71 13 2 36 72 50 43
D 75 7 2 33 32 9 6
D 74 5 2 8 75 10 6
D 73 3 2 52 74 54 6
D 77 15 2 20 23 25 6
D 76 13 2 50 77 36 6
D 79 5 2 10 75 8 6
D 78 3 2 52 79 54 6
D 81 15 2 25 23 20 6
D 80 13 2 36 81 50 23
D 83 5 2 8 39 10 40
D 82 3 3 61 83 52 45 4 6
D 84 13 2 36 64 50 22
D 86 5 2 8 75 10 32
D 85 3 2 61 86 62 6
D 87 13 3 18 22 36 25 15 13
D 88 3 2 52 34 54 6
D 89 13 2 36 25 50 13
D 90 3 2 61 53 62 6
D 91 13 3 36 25 15 13 18 6
D 92 3 3 29 75 2 33 12 6
D 0 9 17 1 14 28 35 38 42 44 47 48 49 51 55 56 58 60 63 65 67 69 71 73 76 78 80 82 84 85 87 88 89 90 91 92 6
