c ids of sdd nodes start at 0
c sdd nodes appear bottom-up, children before parents
c
c file syntax:
c sdd count-of-sdd-nodes
c F id-of-false-sdd-node
c T id-of-true-sdd-node
c L id-of-literal-sdd-node id-of-vtree literal
c D id-of-decomposition-sdd-node id-of-vtree number-of-elements {id-of-prime id-of-sub}*
c
sdd 91
L 3 0 1
L 4 2 2
L 5 0 -1
F 6
D 2 1 2 3 4 5 6
L 8 4 -3
L 10 6 4
L 11 8 5
L 12 6 -4
D 9 7 2 10 11 12 6
L 13 4 3
D 7 5 2 8 9 13 6
L 15 2 -2
T 16
D 14 1 2 3 15 5 16
D 1 3 2 2 7 14 6
L 19 10 -6
L 20 12 -7
L 21 10 6
D 18 11 2 19 20 21 6
L 23 14 -8
L 25 16 -9
L 26 18 10
L 27 16 9
D 24 17 2 25 26 27 6
L 28 14 8
D 22 15 2 23 24 28 6
L 30 12 7
D 29 11 2 19 30 21 6
D 31 15 2 23 26 28 6
D 17 13 3 18 22 29 31 21 6
L 35 8 -5
D 34 7 2 10 35 12 6
D 33 5 2 8 34 13 6
D 32 3 2 2 33 14 6
D 37 11 2 21 20 19 6
D 38 15 2 23 25 28 6
D 39 11 2 21 30 19 6
D 36 13 4 18 22 29 31 37 38 39 23
D 41 5 2 8 12 13 6
D 40 3 2 2 41 14 6
D 42 13 4 18 22 37 38 29 26 39 16
D 44 5 2 13 9 8 6
D 43 3 2 2 44 14 6
D 45 13 3 18 38 29 23 21 6
D 48 7 2 12 11 10 6
D 47 5 2 13 48 8 6
D 46 3 2 2 47 14 6
D 49 13 3 18 38 29 16 21 6
D 51 5 2 13 34 8 6
D 50 3 2 4 51 15 6
D 53 11 2 19 20 21 16
D 52 13 2 29 23 53 6
D 55 1 2 5 4 3 6
D 56 5 2 8 10 13 6
D 57 1 2 5 15 3 16
D 54 3 2 55 56 57 6
D 58 13 3 29 31 18 24 21 6
D 59 3 2 55 41 57 6
D 60 13 3 18 24 29 26 21 6
D 62 1 2 3 15 5 6
D 63 1 2 5 15 3 6
D 64 5 2 8 35 13 6
D 61 3 3 62 7 63 64 4 6
D 65 13 2 19 31 21 6
D 67 1 2 5 4 3 16
D 66 3 2 63 7 67 6
D 68 13 3 29 31 18 26 21 6
D 70 5 2 8 48 13 6
D 69 3 2 63 70 67 6
D 71 13 2 19 26 21 6
D 73 5 2 13 35 8 6
D 72 3 3 62 51 63 73 4 6
D 74 13 2 30 23 20 6
D 75 3 2 55 44 57 6
D 76 13 3 18 25 29 23 21 6
D 77 3 2 55 47 57 6
D 78 13 3 18 25 29 16 21 6
D 80 1 2 3 4 5 16
D 79 3 2 62 44 80 6
D 81 13 2 19 23 21 6
D 82 3 2 63 44 67 6
D 83 13 3 29 23 18 16 21 6
D 84 3 2 62 33 80 6
D 85 13 2 19 31 21 23
D 88 7 2 12 35 10 6
D 87 5 2 13 88 8 6
D 86 3 2 4 87 15 6
D 89 3 2 63 47 67 6
D 90 3 2 62 12 80 6
D 0 9 20 1 17 32 36 40 42 43 45 46 49 50 52 54 58 59 60 61 65 66 68 69 71 72 74 75 76 77 78 79 81 82 83 84 85 86 29 89 16 90 6
