c ids of sdd nodes start at 0
c sdd nodes appear bottom-up, children before parents
c
c file syntax:
c sdd count-of-sdd-nodes
c F id-of-false-sdd-node
c T id-of-true-sdd-node
c L id-of-literal-sdd-node id-of-vtree literal
c D id-of-decomposition-sdd-node id-of-vtree number-of-elements {id-of-prime id-of-sub}*
c
sdd 316
L 1 2 -2
L 3 4 3
L 5 6 4
L 7 8 -5
L 9 10 6
L 11 18 -10
L 13 20 11
L 15 22 12
L 17 24 -13
L 19 26 -14
L 21 28 -15
L 23 30 16
L 24 36 -19
L 25 30 -16
F 26
D 22 31 2 23 24 25 26
L 27 28 15
D 20 29 2 21 22 27 26
L 28 26 14
D 18 27 2 19 20 28 26
L 29 24 13
D 31 29 2 21 24 27 26
D 30 27 2 19 31 28 26
D 16 25 2 17 18 29 30
L 32 22 -12
D 35 29 2 21 23 27 26
D 34 27 2 19 35 28 26
D 36 27 2 19 21 28 26
D 33 25 2 17 34 29 36
D 14 23 2 15 16 32 33
L 37 20 -11
D 40 27 2 19 23 28 26
D 39 25 2 17 40 29 19
D 42 27 2 19 24 28 26
D 43 27 2 19 22 28 26
D 41 25 2 29 42 17 43
D 38 23 2 32 39 15 41
D 12 21 2 13 14 37 38
L 44 18 10
D 45 21 2 13 33 37 39
D 10 19 2 11 12 44 45
L 46 10 -6
L 53 38 20
L 54 36 19
D 52 37 2 24 53 54 26
D 51 29 2 21 52 27 53
D 50 27 2 19 51 28 26
D 55 27 2 19 52 28 26
D 49 23 2 32 50 15 55
D 57 29 2 21 52 27 26
D 56 27 2 19 57 28 26
D 48 21 2 37 49 13 56
D 58 21 2 37 50 13 56
D 47 19 2 11 48 44 58
D 8 11 2 9 10 46 47
L 59 8 5
L 68 34 -18
L 69 34 18
D 67 35 2 68 24 69 26
D 66 29 2 21 67 27 26
D 65 27 2 19 66 28 26
D 72 31 2 23 67 25 26
D 71 29 2 21 72 27 26
D 70 27 2 19 71 28 26
D 64 25 2 29 65 17 70
D 75 29 2 21 68 27 26
D 74 27 2 19 75 28 26
D 78 31 2 23 68 25 26
D 77 29 2 21 78 27 26
D 76 27 2 19 77 28 26
D 73 25 2 29 74 17 76
D 63 23 2 15 64 32 73
D 81 27 2 19 78 28 26
D 82 27 2 19 68 28 26
D 80 25 2 17 81 29 82
D 84 27 2 19 72 28 26
D 85 27 2 19 67 28 26
D 83 25 2 17 84 29 85
D 79 23 2 32 80 15 83
D 62 21 2 13 63 37 79
D 61 19 2 44 45 11 62
D 91 35 2 68 52 69 26
D 92 35 2 68 53 69 26
D 90 29 2 21 91 27 92
D 89 27 2 19 90 28 26
D 93 27 2 19 91 28 26
D 88 23 2 32 89 15 93
D 95 29 2 21 91 27 26
D 94 27 2 19 95 28 26
D 87 21 2 37 88 13 94
D 86 19 2 44 58 11 87
D 60 11 2 9 61 46 86
D 6 9 2 7 8 59 60
L 96 6 -4
D 103 27 2 19 31 28 24
D 104 27 2 19 20 28 22
D 102 25 2 29 103 17 104
D 106 27 2 19 35 28 23
T 108
D 107 27 2 19 21 28 108
D 105 25 2 17 106 29 107
D 101 23 2 15 102 32 105
D 110 25 2 17 22 29 24
D 111 25 2 17 23 29 108
D 109 23 2 15 110 32 111
D 100 21 2 13 101 37 109
D 112 21 2 13 105 37 111
D 99 19 2 11 100 44 112
D 115 23 2 32 51 15 52
D 117 27 2 19 57 28 52
D 118 27 2 28 51 19 57
D 116 23 2 15 117 32 118
D 114 21 2 37 115 13 116
D 119 21 2 13 118 37 51
D 113 19 2 11 114 44 119
D 98 11 2 9 99 46 113
D 125 27 2 19 66 28 67
D 126 27 2 19 71 28 72
D 124 25 2 29 125 17 126
D 128 27 2 19 77 28 78
D 129 27 2 19 75 28 68
D 127 25 2 17 128 29 129
D 123 23 2 15 124 32 127
D 131 25 2 17 72 29 67
D 132 25 2 17 78 29 68
D 130 23 2 15 131 32 132
D 122 21 2 13 123 37 130
D 121 19 2 44 112 11 122
D 135 23 2 32 90 15 91
D 137 27 2 19 95 28 91
D 138 27 2 19 95 28 90
D 136 23 2 15 137 32 138
D 134 21 2 37 135 13 136
D 133 19 2 44 119 11 134
D 120 11 2 9 121 46 133
D 97 9 2 7 98 59 120
D 4 7 2 5 6 96 97
L 139 4 -3
L 151 32 17
L 152 32 -17
D 150 33 2 151 67 152 26
D 149 31 2 23 150 25 26
D 148 29 2 21 149 27 26
D 147 27 2 19 148 28 149
D 154 29 2 21 150 27 26
D 153 27 2 19 154 28 150
D 146 25 2 17 147 29 153
D 158 33 2 151 68 152 26
D 157 29 2 21 158 27 26
D 156 27 2 19 157 28 158
D 161 31 2 23 158 25 26
D 160 29 2 21 161 27 26
D 159 27 2 19 160 28 161
D 155 25 2 29 156 17 159
D 145 23 2 15 146 32 155
D 144 21 2 13 145 37 130
D 165 29 2 21 151 27 26
D 164 27 2 19 165 28 151
D 168 31 2 23 151 25 26
D 167 29 2 21 168 27 26
D 166 27 2 19 167 28 168
D 163 25 2 29 164 17 166
D 162 21 2 13 163 37 111
D 143 19 2 11 144 44 162
D 172 29 2 21 67 27 68
D 171 23 2 32 172 15 67
D 175 29 2 21 150 27 158
D 174 27 2 19 154 28 175
D 173 23 2 15 153 32 174
D 170 21 2 37 171 13 173
D 179 33 2 151 24 152 26
D 178 29 2 21 179 27 26
D 180 29 2 21 179 27 151
D 177 27 2 19 178 28 180
D 181 29 2 21 24 27 108
D 176 21 2 13 177 37 181
D 169 19 2 11 170 44 176
D 142 11 2 9 143 46 169
D 189 31 2 23 179 25 26
D 188 29 2 21 189 27 26
D 187 27 2 19 188 28 189
D 190 27 2 19 178 28 179
D 186 25 2 17 187 29 190
D 185 23 2 15 186 32 163
D 184 21 2 13 185 37 109
D 183 19 2 44 162 11 184
D 193 23 2 32 181 15 24
D 194 23 2 15 190 32 177
D 192 21 2 37 193 13 194
D 191 19 2 44 176 11 192
D 182 11 2 9 183 46 191
D 141 9 2 59 142 7 182
D 201 27 2 19 188 28 26
D 202 27 2 19 178 28 26
D 200 25 2 17 201 29 202
D 204 27 2 19 167 28 26
D 205 27 2 19 165 28 26
D 203 25 2 17 204 29 205
D 199 23 2 15 200 32 203
D 198 21 2 13 199 37 38
D 206 21 2 13 203 37 39
D 197 19 2 11 198 44 206
D 210 27 2 19 181 28 26
D 209 23 2 32 210 15 42
D 208 21 2 37 209 13 202
D 211 21 2 37 210 13 202
D 207 19 2 11 208 44 211
D 196 11 2 9 197 46 207
D 217 27 2 19 157 28 26
D 218 27 2 19 160 28 26
D 216 25 2 29 217 17 218
D 220 27 2 19 148 28 26
D 221 27 2 19 154 28 26
D 219 25 2 17 220 29 221
D 215 23 2 32 216 15 219
D 214 21 2 13 215 37 79
D 213 19 2 44 206 11 214
D 225 27 2 19 172 28 26
D 224 23 2 32 225 15 85
D 223 21 2 37 224 13 221
D 222 19 2 44 211 11 223
D 212 11 2 9 213 46 222
D 195 9 2 7 196 59 212
D 140 7 2 96 141 5 195
D 2 5 2 3 4 139 140
L 226 2 2
D 236 35 2 68 54 69 26
D 235 33 2 151 236 152 26
D 234 29 2 27 235 21 26
D 233 27 2 28 234 19 26
D 232 23 2 15 233 32 174
D 238 29 2 27 236 21 26
D 237 23 2 15 238 32 172
D 231 21 2 13 232 37 237
D 240 23 2 32 174 15 26
D 241 23 2 32 172 15 26
D 239 21 2 13 240 37 241
D 230 19 2 44 231 11 239
D 247 29 2 21 235 27 26
D 246 27 2 19 247 28 235
D 250 31 2 23 235 25 26
D 249 29 2 21 250 27 26
D 248 27 2 19 249 28 250
D 245 25 2 29 246 17 248
D 244 23 2 15 245 32 155
D 253 31 2 23 236 25 26
D 252 25 2 17 253 29 236
D 251 23 2 15 252 32 132
D 243 21 2 13 244 37 251
D 255 23 2 32 155 15 26
D 256 23 2 32 132 15 26
D 254 21 2 13 255 37 256
D 242 19 2 44 243 11 254
D 229 11 2 46 230 9 242
D 264 33 2 151 54 152 26
D 263 29 2 21 264 27 26
D 262 27 2 19 263 28 264
D 267 31 2 23 264 25 26
D 266 29 2 21 267 27 26
D 265 27 2 19 266 28 267
D 261 25 2 29 262 17 265
D 260 23 2 32 163 15 261
D 270 31 2 23 54 25 26
D 269 25 2 17 270 29 54
D 268 23 2 15 269 32 111
D 259 21 2 13 260 37 268
D 258 19 2 11 254 44 259
D 275 29 2 27 264 21 26
D 274 27 2 28 275 19 26
D 273 23 2 15 274 32 177
D 277 29 2 27 54 21 26
D 276 23 2 15 277 32 181
D 272 21 2 13 273 37 276
D 271 19 2 44 272 11 239
D 257 11 2 9 258 46 271
D 228 9 2 7 229 59 257
D 285 29 2 21 253 27 26
D 284 27 2 19 285 28 253
D 287 29 2 21 236 27 26
D 286 27 2 19 287 28 236
D 283 25 2 17 284 29 286
D 282 23 2 15 283 32 127
D 281 21 2 13 282 37 251
D 289 23 2 32 127 15 26
D 288 21 2 37 256 13 289
D 280 19 2 44 281 11 288
D 296 37 2 54 53 24 26
D 295 35 2 68 296 69 26
D 294 29 2 27 295 21 26
D 293 27 2 28 294 19 26
D 292 23 2 15 293 32 138
D 297 23 2 15 294 32 90
D 291 21 2 13 292 37 297
D 299 23 2 32 138 15 26
D 300 23 2 32 90 15 26
D 298 21 2 13 299 37 300
D 290 19 2 44 291 11 298
D 279 11 2 9 280 46 290
D 307 29 2 21 270 27 26
D 306 27 2 19 307 28 270
D 309 29 2 21 54 27 26
D 308 27 2 19 309 28 54
D 305 25 2 17 306 29 308
D 304 23 2 32 105 15 305
D 303 21 2 37 268 13 304
D 302 19 2 44 303 11 288
D 314 29 2 27 296 21 26
D 313 27 2 28 314 19 26
D 312 23 2 15 313 32 118
D 315 23 2 32 51 15 314
D 311 21 2 13 312 37 315
D 310 19 2 44 311 11 298
D 301 11 2 9 302 46 310
D 278 9 2 7 279 59 301
D 227 5 2 139 228 3 278
D 0 3 2 1 2 226 227
