c ids of sdd nodes start at 0
c sdd nodes appear bottom-up, children before parents
c
c file syntax:
c sdd count-of-sdd-nodes
c F id-of-false-sdd-node
c T id-of-true-sdd-node
c L id-of-literal-sdd-node id-of-vtree literal
c D id-of-decomposition-sdd-node id-of-vtree number-of-elements {id-of-prime id-of-sub}*
c
sdd 152
L 3 0 -1
L 5 2 2
L 6 4 3
L 7 2 -2
F 8
D 4 3 2 5 6 7 8
L 9 0 1
D 2 1 2 3 4 9 8
L 12 6 4
L 13 8 5
L 14 6 -4
D 11 7 2 12 13 14 8
L 15 10 6
L 17 8 -5
T 18
D 16 7 2 12 17 14 18
D 10 9 2 11 15 16 8
L 21 4 -3
D 20 3 2 5 21 7 18
D 19 1 2 3 20 9 18
D 1 5 2 2 10 19 8
L 24 14 8
L 25 20 11
L 26 14 -8
D 23 17 2 24 25 26 8
L 29 22 12
L 30 24 13
L 31 22 -12
D 28 23 2 29 30 31 8
L 33 26 14
L 34 28 15
L 35 26 -14
D 32 27 2 33 34 35 8
L 37 24 -13
D 36 23 2 29 37 31 18
D 27 25 2 28 32 36 8
L 39 20 -11
D 38 17 2 24 39 26 18
D 22 21 2 23 27 38 8
L 42 10 -6
D 43 7 2 12 17 14 8
D 41 9 3 11 42 43 18 14 8
D 40 5 2 2 41 19 8
D 44 21 2 25 27 39 8
D 47 3 2 5 21 7 8
D 46 1 2 3 47 9 8
D 49 3 2 5 6 7 18
D 48 1 2 3 49 9 18
D 45 5 2 46 10 48 8
D 51 25 2 30 32 37 8
D 50 21 2 23 51 38 8
D 52 5 2 46 41 48 8
D 53 21 2 25 51 39 8
D 55 1 2 3 5 9 8
D 57 7 2 14 13 12 8
D 58 7 2 14 17 12 18
D 56 9 2 57 15 58 8
D 59 1 2 3 7 9 18
D 54 5 2 55 56 59 8
L 63 16 -9
D 62 15 2 24 63 26 8
L 65 16 9
D 64 15 2 24 65 26 18
D 61 17 2 62 39 64 8
L 68 28 -15
D 67 27 2 33 68 35 8
D 66 25 2 31 67 29 68
D 69 17 2 62 25 64 8
D 71 27 2 35 68 33 18
D 72 23 2 31 30 29 8
D 70 25 3 28 71 72 33 37 8
D 74 15 2 24 65 26 8
D 75 15 2 24 63 26 18
D 73 17 2 74 25 75 8
D 76 25 2 30 33 37 8
D 77 17 2 74 39 75 8
D 60 21 5 61 66 69 70 73 76 77 67 26 8
D 80 7 2 14 17 12 8
D 79 9 3 57 42 80 18 12 8
D 78 5 2 55 79 59 8
D 82 17 2 63 39 65 8
D 84 15 2 26 65 24 8
D 85 15 2 26 63 24 18
D 83 17 2 84 25 85 8
D 86 17 2 63 25 65 8
D 87 17 2 84 39 85 8
D 81 21 6 82 66 83 51 86 70 73 76 77 67 87 8
D 90 3 2 7 6 5 8
D 89 1 2 3 90 9 8
D 92 3 2 7 21 5 18
D 91 1 2 3 92 9 18
D 88 5 2 89 10 91 8
D 94 25 2 28 33 36 8
D 95 25 2 29 33 31 8
D 93 21 5 73 94 77 95 69 28 61 29 26 8
D 96 5 2 89 41 91 8
D 98 25 2 29 32 31 8
D 97 21 6 83 27 73 94 87 98 77 95 86 28 82 29
D 100 1 2 9 4 3 8
D 101 1 2 9 20 3 18
D 99 5 2 100 10 101 8
D 102 21 2 23 98 38 8
D 103 5 2 100 41 101 8
D 104 21 2 25 98 39 8
D 106 1 2 9 47 3 8
D 107 1 2 9 49 3 18
D 105 5 2 106 10 107 8
D 108 21 2 23 32 38 8
D 110 1 2 9 5 3 8
D 111 1 2 9 7 3 18
D 109 5 2 110 56 111 8
D 113 17 2 24 39 26 8
D 114 25 2 29 71 31 33
D 112 21 3 113 66 23 114 26 8
D 115 5 2 110 79 111 8
D 117 17 2 85 39 84 8
D 118 17 2 85 25 84 8
D 116 21 4 117 66 118 114 83 32 87 8
D 119 5 2 106 41 107 8
D 120 21 2 25 32 39 8
D 122 1 2 9 90 3 8
D 123 1 2 9 92 3 18
D 121 5 2 122 10 123 8
D 124 21 2 24 29 26 8
D 127 3 2 7 21 5 8
D 126 1 2 3 127 9 8
D 128 9 2 13 42 17 18
D 130 3 2 7 6 5 18
D 129 1 2 3 130 9 18
D 125 5 2 126 128 129 8
D 133 15 2 26 63 24 8
D 134 15 2 26 65 24 18
D 132 17 2 133 25 134 8
D 135 17 2 133 39 134 8
D 131 21 5 83 51 87 32 132 30 135 18 24 8
D 136 5 2 89 56 91 8
D 137 21 5 73 76 77 33 69 30 61 18 26 8
D 138 5 2 89 79 91 8
D 139 21 6 83 51 87 32 73 76 77 33 86 30 82 18
D 141 1 2 9 127 3 8
D 142 1 2 9 130 3 18
D 140 5 2 141 128 142 8
D 143 21 3 84 34 133 18 24 8
D 144 5 2 122 41 123 8
D 146 25 2 29 34 31 8
D 145 21 2 84 146 85 29
D 147 5 2 122 79 123 8
D 148 21 2 84 34 85 18
D 149 5 2 122 56 123 8
D 151 9 2 13 15 17 8
D 150 5 2 127 151 130 8
D 0 13 23 1 22 40 44 45 50 52 53 54 60 78 81 88 93 96 97 99 102 103 104 105 108 109 112 115 116 119 120 121 124 125 131 136 137 138 139 140 143 144 145 147 148 149 24 150 8
