c ids of sdd nodes start at 0
c sdd nodes appear bottom-up, children before parents
c
c file syntax:
c sdd count-of-sdd-nodes
c F id-of-false-sdd-node
c T id-of-true-sdd-node
c L id-of-literal-sdd-node id-of-vtree literal
c D id-of-decomposition-sdd-node id-of-vtree number-of-elements {id-of-prime id-of-sub}*
c
sdd 154
L 1 0 1
L 3 4 3
L 5 10 6
L 7 12 7
L 9 14 8
L 11 16 9
L 13 20 -11
L 15 24 13
L 17 30 -16
L 19 32 -17
L 21 34 -18
L 22 38 20
L 23 34 18
F 24
D 20 35 2 21 22 23 24
L 25 32 17
D 18 33 2 19 20 25 24
L 26 30 16
D 16 31 2 17 18 26 24
L 27 24 -13
L 29 26 14
L 32 38 -20
D 31 33 2 19 32 25 24
D 30 31 2 26 31 17 19
L 33 26 -14
D 28 27 2 29 30 33 24
D 14 25 2 15 16 27 28
L 34 20 11
D 39 35 2 21 32 23 24
D 38 33 2 19 39 25 24
D 40 33 2 19 21 25 24
D 37 31 2 26 38 17 40
D 36 27 2 29 37 33 24
D 35 25 2 27 36 15 16
D 12 21 2 13 14 34 35
L 41 16 -9
L 44 22 12
D 46 31 2 17 20 26 24
D 47 31 2 26 39 17 21
D 45 25 2 15 46 27 47
L 48 22 -12
D 43 23 2 44 45 48 24
T 52
D 51 31 2 26 32 17 52
D 50 25 2 15 46 27 51
D 49 23 2 44 50 48 24
D 42 21 2 34 43 13 49
D 10 17 2 11 12 41 42
L 53 14 -8
D 8 15 2 9 10 53 24
L 54 12 -7
D 6 13 2 7 8 54 10
L 55 10 -6
L 60 18 10
L 65 28 -15
L 68 36 -19
L 69 36 19
D 67 37 2 68 22 69 24
D 66 35 2 21 67 23 24
L 70 28 15
D 64 29 2 65 66 70 20
D 72 35 2 21 68 23 24
D 71 29 2 65 72 70 21
D 63 25 2 15 64 27 71
D 62 23 2 44 63 48 24
D 75 29 2 65 67 70 22
D 76 29 2 65 68 70 52
D 74 25 2 15 75 27 76
D 73 23 2 44 74 48 24
D 61 21 2 34 62 13 73
L 77 18 -10
D 81 29 2 70 20 65 24
D 82 29 2 70 21 65 24
D 80 25 2 15 81 27 82
D 79 23 2 44 80 48 24
D 85 29 2 70 22 65 24
D 84 25 2 15 85 27 70
D 83 23 2 44 84 48 24
D 78 21 2 34 79 13 83
D 59 19 2 60 61 77 78
D 90 33 2 19 22 25 24
D 89 29 2 70 90 65 24
D 92 29 2 70 19 65 24
D 91 27 2 29 92 33 24
D 88 25 2 15 89 27 91
D 94 29 2 70 18 65 24
D 96 29 2 70 40 65 24
D 95 27 2 29 96 33 24
D 93 25 2 15 94 27 95
D 87 21 2 13 88 34 93
D 100 33 2 19 67 25 24
D 99 29 2 65 100 70 90
D 103 33 2 19 68 25 24
D 102 29 2 65 103 70 19
D 101 27 2 29 102 33 24
D 98 25 2 15 99 27 101
D 106 33 2 19 66 25 24
D 105 29 2 65 106 70 18
D 109 33 2 19 72 25 24
D 108 29 2 65 109 70 40
D 107 27 2 29 108 33 24
D 104 25 2 15 105 27 107
D 97 21 2 13 98 34 104
D 86 19 2 77 87 60 97
D 58 17 2 41 59 11 86
D 57 15 2 9 58 53 24
D 56 13 2 7 57 54 58
D 4 11 2 5 6 55 56
L 110 4 -3
D 116 25 2 15 37 27 28
D 117 25 2 27 36 15 37
D 115 21 2 13 116 34 117
D 119 25 2 15 47 27 51
D 118 21 2 13 119 34 47
D 114 17 2 11 115 41 118
D 113 15 2 9 114 53 24
D 112 13 2 7 113 54 114
D 124 21 2 34 82 13 70
D 125 21 2 34 71 13 76
D 123 19 2 77 124 60 125
D 128 25 2 27 95 15 96
D 129 25 2 27 91 15 92
D 127 21 2 34 128 13 129
D 131 25 2 27 107 15 108
D 132 25 2 27 101 15 102
D 130 21 2 34 131 13 132
D 126 19 2 77 127 60 130
D 122 17 2 41 123 11 126
D 121 15 2 9 122 53 24
D 120 13 2 7 121 54 122
D 111 11 2 5 112 55 120
D 2 5 2 3 4 110 111
L 133 0 -1
D 138 27 2 29 51 33 24
D 137 25 2 27 138 15 46
D 136 17 2 11 137 41 49
D 140 19 2 60 73 77 83
D 143 27 2 29 70 33 24
D 142 25 2 15 85 27 143
D 145 27 2 29 76 33 24
D 144 25 2 27 145 15 75
D 141 19 2 77 142 60 144
D 139 17 2 41 140 11 141
D 135 11 2 5 136 55 139
D 148 25 2 27 138 15 47
D 147 17 2 41 119 11 148
D 151 25 2 27 143 15 70
D 152 25 2 27 145 15 76
D 150 19 2 77 151 60 152
D 153 19 2 60 76 77 70
D 149 17 2 11 150 41 153
D 146 11 2 5 147 55 149
D 134 5 2 3 135 110 146
D 0 1 2 1 2 133 134
