c ids of sdd nodes start at 0
c sdd nodes appear bottom-up, children before parents
c
c file syntax:
c sdd count-of-sdd-nodes
c F id-of-false-sdd-node
c T id-of-true-sdd-node
c L id-of-literal-sdd-node id-of-vtree literal
c D id-of-decomposition-sdd-node id-of-vtree number-of-elements {id-of-prime id-of-sub}*
c
sdd 246
L 1 0 -1
L 3 2 2
L 5 6 -4
L 7 8 -5
L 9 10 6
L 11 12 -7
L 13 18 10
L 15 20 11
L 17 22 -12
L 19 24 -13
L 20 38 20
L 21 24 13
F 22
D 18 25 2 19 20 21 22
L 23 22 12
D 16 23 2 17 18 23 20
L 24 20 -11
T 26
D 25 23 2 17 19 23 26
D 14 21 2 15 16 24 25
L 27 18 -10
L 32 28 15
L 34 30 -16
L 36 32 -17
L 38 34 -18
L 39 34 18
D 37 35 2 38 20 39 22
L 40 32 17
D 35 33 2 36 37 40 22
L 41 30 16
D 33 31 2 34 35 41 37
L 42 28 -15
L 47 36 19
L 48 36 -19
D 46 37 2 47 20 48 22
D 45 35 2 38 46 39 22
D 44 33 2 36 45 40 22
D 43 31 2 34 44 41 45
D 31 29 2 32 33 42 43
D 30 25 2 19 31 21 22
D 29 23 2 17 30 23 31
D 53 33 2 36 38 40 22
D 52 31 2 34 53 41 38
D 56 35 2 38 47 39 22
D 55 33 2 36 56 40 22
D 54 31 2 34 55 41 56
D 51 29 2 32 52 42 54
D 50 25 2 19 51 21 22
D 49 23 2 17 50 23 51
D 28 21 2 15 29 24 49
D 12 19 2 13 14 27 28
L 57 12 7
D 64 33 2 36 46 40 22
D 63 31 2 34 64 41 46
D 66 33 2 36 20 40 22
D 65 31 2 34 66 41 20
D 62 29 2 42 63 32 65
D 61 25 2 19 62 21 22
D 60 23 2 17 61 23 62
D 71 33 2 36 47 40 22
D 70 31 2 34 71 41 47
D 72 31 2 34 36 41 26
D 69 29 2 42 70 32 72
D 68 25 2 19 69 21 22
D 67 23 2 17 68 23 69
D 59 21 2 15 60 24 67
D 58 19 2 13 14 27 59
D 10 13 2 11 12 57 58
L 73 10 -6
L 76 14 -8
L 82 26 -14
L 83 26 14
D 81 27 2 82 31 83 22
D 80 25 2 19 81 21 22
D 79 23 2 17 80 23 81
D 86 27 2 82 51 83 22
D 85 25 2 19 86 21 22
D 84 23 2 17 85 23 86
D 78 21 2 15 79 24 84
D 90 27 2 82 20 83 22
D 89 25 2 19 90 21 22
D 88 23 2 17 89 23 90
D 92 25 2 19 82 21 22
D 91 23 2 17 92 23 82
D 87 21 2 15 88 24 91
D 77 19 2 27 78 13 87
L 93 14 8
D 75 15 2 76 77 93 22
D 99 27 2 82 62 83 22
D 98 25 2 19 99 21 22
D 97 23 2 17 98 23 99
D 102 27 2 82 69 83 22
D 101 25 2 19 102 21 22
D 100 23 2 17 101 23 102
D 96 21 2 15 97 24 100
D 95 19 2 13 87 27 96
D 94 15 2 76 95 93 22
D 74 13 2 11 75 57 94
D 8 11 2 9 10 73 74
L 103 8 5
D 106 19 2 27 49 13 25
D 107 19 2 27 67 13 25
D 105 13 2 11 106 57 107
D 110 19 2 27 84 13 91
D 109 15 2 76 110 93 22
D 112 19 2 13 91 27 100
D 111 15 2 76 112 93 22
D 108 13 2 11 109 57 111
D 104 11 2 9 105 73 108
D 6 9 2 7 8 103 104
L 113 6 4
D 118 21 2 15 99 24 102
D 119 21 2 15 90 24 82
D 117 19 2 27 118 13 119
D 121 21 2 15 81 24 86
D 120 19 2 27 121 13 119
D 116 13 2 57 117 11 120
D 124 21 2 15 62 24 69
D 125 21 2 15 20 24 26
D 123 19 2 27 124 13 125
D 127 21 2 15 31 24 51
D 126 19 2 27 127 13 125
D 122 13 2 57 123 11 126
D 115 11 2 73 116 9 122
D 130 19 2 27 102 13 82
D 131 19 2 27 86 13 82
D 129 13 2 57 130 11 131
D 133 19 2 27 69 13 26
D 134 19 2 27 51 13 26
D 132 13 2 57 133 11 134
D 128 11 2 73 129 9 132
D 114 9 2 7 115 103 128
D 4 7 2 5 6 113 114
L 135 2 -2
D 137 9 2 103 132 7 122
D 141 19 2 27 28 13 22
D 142 19 2 27 59 13 22
D 140 13 2 11 141 57 142
D 144 15 2 76 141 93 22
D 145 15 2 76 142 93 22
D 143 13 2 11 144 57 145
D 139 11 2 9 140 73 143
D 148 19 2 27 49 13 22
D 149 19 2 27 67 13 22
D 147 13 2 11 148 57 149
D 151 15 2 76 148 93 22
D 152 15 2 76 149 93 22
D 150 13 2 11 151 57 152
D 146 11 2 9 147 73 150
D 138 9 2 7 139 103 146
D 136 7 2 113 137 5 138
D 2 3 2 3 4 135 136
L 153 0 1
L 156 4 -3
L 157 4 3
D 165 25 2 21 20 19 22
D 164 23 2 23 165 17 22
D 166 23 2 23 21 17 22
D 163 21 2 15 164 24 166
D 169 25 2 21 62 19 22
D 168 23 2 23 169 17 22
D 171 25 2 21 69 19 22
D 170 23 2 23 171 17 22
D 167 21 2 15 168 24 170
D 162 19 2 13 163 27 167
D 175 25 2 21 31 19 22
D 174 23 2 23 175 17 22
D 177 25 2 21 51 19 22
D 176 23 2 23 177 17 22
D 173 21 2 15 174 24 176
D 172 19 2 13 163 27 173
D 161 13 2 57 162 11 172
D 183 25 2 21 99 19 22
D 182 23 2 23 183 17 22
D 185 25 2 21 102 19 22
D 184 23 2 23 185 17 22
D 181 21 2 15 182 24 184
D 188 25 2 21 90 19 22
D 187 23 2 23 188 17 22
D 190 25 2 21 82 19 22
D 189 23 2 23 190 17 22
D 186 21 2 15 187 24 189
D 180 19 2 27 181 13 186
D 179 15 2 76 180 93 22
D 195 25 2 21 81 19 22
D 194 23 2 23 195 17 22
D 197 25 2 21 86 19 22
D 196 23 2 23 197 17 22
D 193 21 2 15 194 24 196
D 192 19 2 13 186 27 193
D 191 15 2 76 192 93 22
D 178 13 2 57 179 11 191
D 160 11 2 9 161 73 178
D 200 19 2 27 170 13 166
D 201 19 2 27 176 13 166
D 199 13 2 57 200 11 201
D 204 19 2 27 184 13 189
D 203 15 2 76 204 93 22
D 206 19 2 13 189 27 196
D 205 15 2 76 206 93 22
D 202 13 2 57 203 11 205
D 198 11 2 9 199 73 202
D 159 9 2 7 160 103 198
D 211 21 2 15 195 24 197
D 212 21 2 15 188 24 190
D 210 19 2 27 211 13 212
D 214 21 2 15 183 24 185
D 213 19 2 27 214 13 212
D 209 13 2 11 210 57 213
D 217 21 2 15 175 24 177
D 218 21 2 15 165 24 21
D 216 19 2 27 217 13 218
D 220 21 2 15 169 24 171
D 219 19 2 13 218 27 220
D 215 13 2 11 216 57 219
D 208 11 2 73 209 9 215
D 223 19 2 27 197 13 190
D 224 19 2 13 190 27 185
D 222 13 2 11 223 57 224
D 226 19 2 27 177 13 21
D 227 19 2 27 171 13 21
D 225 13 2 11 226 57 227
D 221 11 2 73 222 9 225
D 207 9 2 7 208 103 221
D 158 7 2 5 159 113 207
D 155 5 2 156 4 157 158
D 230 9 2 103 225 7 215
D 234 19 2 27 167 13 22
D 235 19 2 27 173 13 22
D 233 13 2 57 234 11 235
D 237 15 2 76 234 93 22
D 238 15 2 76 235 93 22
D 236 13 2 57 237 11 238
D 232 11 2 9 233 73 236
D 241 19 2 27 170 13 22
D 242 19 2 27 176 13 22
D 240 13 2 57 241 11 242
D 244 15 2 76 241 93 22
D 245 15 2 76 242 93 22
D 243 13 2 57 244 11 245
D 239 11 2 9 240 73 243
D 231 9 2 7 232 103 239
D 229 7 2 113 230 5 231
D 228 5 2 156 136 157 229
D 154 3 2 3 155 135 228
D 0 1 2 1 2 153 154
