c ids of sdd nodes start at 0
c sdd nodes appear bottom-up, children before parents
c
c file syntax:
c sdd count-of-sdd-nodes
c F id-of-false-sdd-node
c T id-of-true-sdd-node
c L id-of-literal-sdd-node id-of-vtree literal
c D id-of-decomposition-sdd-node id-of-vtree number-of-elements {id-of-prime id-of-sub}*
c
sdd 319
L 1 2 2
L 3 4 3
L 5 8 5
L 7 10 -6
L 9 12 -7
L 11 14 8
L 13 16 -9
L 15 18 -10
L 17 20 -11
L 19 22 12
L 21 24 -13
L 23 26 14
L 25 28 -15
L 27 30 16
L 29 36 -19
L 30 38 -20
L 31 36 19
F 32
D 28 37 2 29 30 31 32
L 33 30 -16
D 26 31 2 27 28 33 29
L 34 28 15
L 37 34 -18
L 38 34 18
D 36 35 2 37 29 38 32
D 35 31 2 33 36 27 28
D 24 29 2 25 26 34 35
L 39 26 -14
D 22 27 2 23 24 39 32
L 40 24 13
D 20 25 2 21 22 40 32
L 41 22 -12
D 18 23 2 19 20 41 32
L 42 20 11
D 16 21 2 17 18 42 20
L 43 18 10
D 45 23 2 19 22 41 32
D 44 21 2 17 45 42 22
D 14 19 2 15 16 43 44
L 46 16 9
D 53 35 2 38 28 37 32
D 52 31 2 27 53 33 32
D 55 35 2 38 29 37 32
D 54 31 2 27 53 33 55
D 51 29 2 34 52 25 54
D 57 31 2 27 55 33 32
D 56 29 2 34 57 25 55
D 50 27 2 23 51 39 56
D 49 23 2 19 50 41 32
D 48 21 2 17 49 42 50
D 60 25 2 21 50 40 32
D 59 23 2 19 60 41 32
D 58 21 2 17 59 42 60
D 47 19 2 43 48 15 58
D 12 17 2 13 14 46 47
L 61 14 -8
D 67 31 2 27 30 33 37
T 69
D 68 31 2 27 30 33 69
D 66 29 2 34 67 25 68
D 65 27 2 23 66 39 32
D 64 23 2 19 65 41 32
D 63 21 2 17 64 42 65
D 74 31 2 27 38 33 32
D 73 29 2 34 74 25 38
D 77 35 2 38 30 37 32
D 76 31 2 27 77 33 38
D 78 31 2 27 77 33 32
D 75 29 2 25 76 34 78
D 72 27 2 39 73 23 75
D 71 23 2 19 72 41 32
D 70 21 2 17 71 42 72
D 62 17 2 13 63 46 70
D 10 15 2 11 12 61 62
L 79 12 7
D 85 27 2 39 56 23 32
D 84 23 2 19 85 41 32
D 83 21 2 17 84 42 85
D 88 25 2 21 85 40 32
D 87 23 2 19 88 41 32
D 86 21 2 17 87 42 88
D 82 19 2 43 83 15 86
D 81 17 2 46 82 13 32
D 80 15 2 61 62 11 81
D 8 13 2 9 10 79 80
L 89 10 6
D 99 31 2 33 36 27 29
D 98 29 2 34 99 25 29
D 97 27 2 23 24 39 98
D 96 25 2 21 97 40 32
D 95 23 2 19 96 41 32
D 94 21 2 17 95 42 96
D 101 23 2 19 97 41 32
D 100 21 2 17 101 42 97
D 93 19 2 15 94 43 100
D 92 17 2 13 93 46 47
D 107 31 2 33 37 27 69
D 106 29 2 34 107 25 69
D 105 27 2 23 66 39 106
D 104 23 2 19 105 41 32
D 103 21 2 17 104 42 105
D 102 17 2 13 103 46 70
D 91 15 2 11 92 61 102
D 114 27 2 39 98 23 32
D 113 25 2 21 114 40 32
D 112 23 2 19 113 41 32
D 111 21 2 17 112 42 113
D 116 23 2 19 114 41 32
D 115 21 2 17 116 42 114
D 110 19 2 15 111 43 115
D 109 17 2 13 110 46 82
D 108 15 2 11 109 61 102
D 90 13 2 9 91 79 108
D 6 11 2 7 8 89 90
L 117 8 -5
D 125 25 2 21 65 40 32
D 124 23 2 19 125 41 32
D 123 21 2 17 124 42 125
D 122 19 2 15 123 43 63
D 129 25 2 21 72 40 32
D 128 23 2 19 129 41 32
D 127 21 2 17 128 42 129
D 126 19 2 15 127 43 70
D 121 17 2 13 122 46 126
D 120 15 2 11 121 61 62
D 136 27 2 39 73 23 32
D 135 25 2 21 136 40 32
D 134 23 2 19 135 41 32
D 133 21 2 17 134 42 135
D 138 23 2 19 136 41 32
D 137 21 2 17 138 42 136
D 132 19 2 15 133 43 137
D 131 17 2 46 132 13 32
D 130 15 2 61 62 11 131
D 119 13 2 9 120 79 130
D 145 25 2 21 105 40 32
D 144 23 2 19 145 41 32
D 143 21 2 17 144 42 145
D 142 19 2 15 143 43 103
D 141 17 2 13 142 46 126
D 140 15 2 11 141 61 102
D 151 27 2 39 106 23 32
D 150 23 2 19 151 41 32
D 149 21 2 17 150 42 151
D 154 25 2 21 151 40 32
D 153 23 2 19 154 41 32
D 152 21 2 17 153 42 154
D 148 19 2 43 149 15 152
D 147 17 2 13 148 46 132
D 146 15 2 61 102 11 147
D 139 13 2 9 140 79 146
D 118 11 2 7 119 89 139
D 4 9 2 5 6 117 118
L 155 4 -3
D 166 37 2 31 30 29 32
D 165 31 2 27 166 33 31
D 168 35 2 37 31 38 32
D 167 31 2 33 168 27 166
D 164 29 2 25 165 34 167
D 163 27 2 23 164 39 32
D 162 23 2 19 65 41 163
D 161 21 2 17 64 42 162
D 173 31 2 33 168 27 31
D 172 29 2 34 173 25 31
D 171 27 2 39 172 23 164
D 170 23 2 41 171 19 105
D 169 21 2 17 104 42 170
D 160 17 2 13 161 46 169
D 175 19 2 43 101 15 95
D 176 19 2 43 45 15 18
D 174 17 2 46 175 13 176
D 159 15 2 61 160 11 174
D 179 19 2 43 116 15 112
D 178 17 2 46 179 13 32
D 177 15 2 61 160 11 178
D 158 13 2 9 159 79 177
D 181 15 2 61 169 11 175
D 182 15 2 61 169 11 179
D 180 13 2 9 181 79 182
D 157 11 2 7 158 89 180
D 190 25 2 21 163 40 32
D 189 23 2 19 125 41 190
D 188 21 2 17 124 42 189
D 187 19 2 15 188 43 161
D 194 25 2 21 171 40 32
D 193 23 2 19 145 41 194
D 192 21 2 17 144 42 193
D 191 19 2 15 192 43 169
D 186 17 2 13 187 46 191
D 185 15 2 11 186 61 160
D 200 27 2 39 172 23 32
D 199 23 2 41 200 19 151
D 198 21 2 17 150 42 199
D 203 25 2 21 200 40 32
D 202 23 2 19 154 41 203
D 201 21 2 17 153 42 202
D 197 19 2 43 198 15 201
D 196 17 2 46 197 13 32
D 195 15 2 61 160 11 196
D 184 13 2 9 185 79 195
D 205 15 2 11 191 61 169
D 206 15 2 61 169 11 197
D 204 13 2 9 205 79 206
D 183 11 2 7 184 89 204
D 156 9 2 5 157 117 183
D 2 5 2 3 4 155 156
L 207 2 -2
D 219 35 2 37 28 38 32
D 218 31 2 27 219 33 36
D 217 27 2 23 218 39 36
D 216 23 2 41 217 19 97
D 215 21 2 17 216 42 97
D 222 25 2 21 217 40 32
D 221 23 2 41 222 19 96
D 220 21 2 17 221 42 96
D 214 19 2 43 215 15 220
D 213 17 2 13 214 46 47
D 228 35 2 37 30 38 32
D 227 31 2 27 228 33 37
D 226 27 2 23 227 39 37
D 225 23 2 41 226 19 105
D 224 21 2 17 225 42 105
D 223 17 2 46 70 13 224
D 212 15 2 11 213 61 223
D 234 27 2 39 36 23 32
D 233 23 2 41 234 19 114
D 232 21 2 17 233 42 114
D 237 25 2 21 234 40 32
D 236 23 2 41 237 19 113
D 235 21 2 17 236 42 113
D 231 19 2 43 232 15 235
D 230 17 2 13 231 46 82
D 229 15 2 11 230 61 223
D 211 13 2 9 212 79 229
D 244 27 2 23 218 39 32
D 243 23 2 41 244 19 22
D 242 21 2 17 243 42 22
D 247 25 2 21 244 40 32
D 246 23 2 41 247 19 20
D 245 21 2 17 246 42 20
D 241 19 2 43 242 15 245
D 240 17 2 13 241 46 47
D 251 27 2 23 227 39 32
D 250 23 2 41 251 19 65
D 249 21 2 17 250 42 65
D 248 17 2 13 249 46 70
D 239 15 2 11 240 61 248
D 252 15 2 11 81 61 248
D 238 13 2 9 239 79 252
D 210 11 2 89 211 7 238
D 260 25 2 21 226 40 32
D 259 23 2 41 260 19 145
D 258 21 2 17 259 42 145
D 257 19 2 15 258 43 224
D 256 17 2 13 257 46 126
D 255 15 2 11 256 61 223
D 267 27 2 39 37 23 32
D 266 25 2 21 267 40 32
D 265 23 2 19 154 41 266
D 264 21 2 17 265 42 154
D 269 23 2 19 151 41 267
D 268 21 2 17 269 42 151
D 263 19 2 15 264 43 268
D 262 17 2 13 263 46 132
D 261 15 2 11 262 61 223
D 254 13 2 9 255 79 261
D 276 25 2 21 251 40 32
D 275 23 2 41 276 19 125
D 274 21 2 17 275 42 125
D 273 19 2 15 274 43 249
D 272 17 2 13 273 46 126
D 271 15 2 11 272 61 248
D 277 15 2 61 248 11 131
D 270 13 2 9 271 79 277
D 253 11 2 89 254 7 270
D 209 9 2 5 210 117 253
D 286 35 2 37 166 38 32
D 285 31 2 27 286 33 168
D 284 27 2 23 285 39 168
D 283 23 2 41 284 19 105
D 282 21 2 42 170 17 283
D 281 15 2 11 175 61 282
D 287 15 2 11 179 61 282
D 280 13 2 9 281 79 287
D 293 27 2 23 285 39 32
D 292 23 2 41 293 19 65
D 291 21 2 17 292 42 162
D 290 17 2 13 291 46 282
D 289 15 2 11 174 61 290
D 294 15 2 11 178 61 290
D 288 13 2 9 289 79 294
D 279 11 2 89 280 7 288
D 301 25 2 21 284 40 32
D 300 23 2 41 301 19 145
D 299 21 2 17 300 42 193
D 298 19 2 15 299 43 282
D 297 15 2 11 298 61 282
D 307 27 2 39 168 23 32
D 306 25 2 21 307 40 32
D 305 23 2 41 306 19 154
D 304 21 2 17 305 42 202
D 309 23 2 41 307 19 151
D 308 21 2 42 199 17 309
D 303 19 2 15 304 43 308
D 302 15 2 11 303 61 282
D 296 13 2 9 297 79 302
D 316 25 2 21 293 40 32
D 315 23 2 41 316 19 125
D 314 21 2 17 315 42 189
D 313 19 2 15 314 43 291
D 312 17 2 46 298 13 313
D 311 15 2 11 312 61 290
D 318 17 2 46 303 13 32
D 317 15 2 61 290 11 318
D 310 13 2 9 311 79 317
D 295 11 2 89 296 7 310
D 278 9 2 5 279 117 295
D 208 5 2 3 209 155 278
D 0 3 2 1 2 207 208
